2.459512234491560142e+06 9.922499968146790694e-01 1.337969934394476557e-03
2.459512234584259801e+06 1.000924743176282217e+00 1.342646674054186456e-03
2.459512234676850028e+06 1.003340129734350494e+00 1.346930100945450655e-03
2.459512234769550152e+06 9.907916979173686522e-01 1.295464388286976650e-03
2.459512234862249810e+06 1.001678102001107407e+00 1.329260561309680670e-03
2.459512234954829793e+06 9.942523600147988860e-01 1.328555264342227938e-03
2.459512235047540162e+06 1.001183907461361322e+00 1.341724721068909745e-03
2.459512235140239820e+06 1.002620611071016965e+00 1.304367901827375434e-03
2.459512235232819803e+06 1.003749329349280517e+00 1.329179803124621272e-03
2.459512235325519927e+06 1.001145652857813984e+00 1.328138705820184826e-03
2.459512235418220051e+06 1.000031897281409066e+00 1.319095308665343231e-03
2.459512235510809813e+06 1.004715028321696346e+00 1.302527256544175815e-03
2.459512235603509936e+06 9.951221143412404269e-01 1.309880065063333005e-03
2.459512235696199816e+06 9.945366614791466553e-01 1.286334323880690368e-03
2.459512235788799822e+06 1.008964032139496370e+00 1.320829049701965560e-03
2.459512235881490167e+06 1.001424510546148339e+00 1.270678368200158209e-03
2.459512235974189825e+06 1.008928041251434093e+00 1.301427446985013638e-03
2.459512236066780053e+06 9.956230699233830084e-01 1.268596593175821269e-03
2.459512236159480177e+06 9.899326798422667384e-01 1.268313381812979750e-03
2.459512236252179835e+06 9.973258669780171726e-01 1.276832377303263816e-03
2.459512236344879959e+06 1.005735486818922109e+00 1.295877837208972254e-03
2.459512236437459942e+06 9.995095904539121889e-01 1.288829695918700070e-03
2.459512236530169845e+06 9.998696934462525387e-01 1.272101300166380341e-03
2.459512236622869968e+06 1.000189682173660444e+00 1.263908067151861764e-03
2.459512236715449952e+06 1.006818044263614764e+00 1.275151264459164178e-03
2.459512236808150075e+06 9.986300536713446085e-01 1.271137556883490585e-03
2.459512236900859978e+06 9.995155154594890234e-01 1.281674891365736221e-03
2.459512236993439961e+06 1.007105725607099211e+00 1.261791757362850991e-03
2.459512237086140085e+06 1.002046849140717066e+00 1.269822507921925317e-03
2.459512237178840209e+06 9.930408341227430213e-01 1.241578969426623521e-03
2.459512237271429971e+06 9.981979306853837608e-01 1.246426521549898019e-03
2.459512237364130095e+06 1.002528329655875350e+00 1.267368319374232192e-03
2.459512237456830218e+06 1.003300637684323871e+00 1.253105600223936760e-03
2.459512237549410202e+06 9.943852465661677797e-01 1.233946493347104793e-03
2.459512237642120104e+06 1.000457620929003255e+00 1.236065108756105634e-03
2.459512237734820228e+06 1.005643918032526507e+00 1.266643946976145959e-03
2.459512237827400211e+06 1.005973169350855123e+00 1.290852198745660222e-03
2.459512237920099869e+06 9.951151506603563845e-01 1.253887632282773851e-03
2.459512238012809772e+06 9.987258993180000433e-01 1.248619753451961703e-03
2.459512238105390221e+06 1.001922381903714188e+00 1.258863452433545095e-03
2.459512238198089879e+06 1.006731429830014735e+00 1.249600944009888939e-03
2.459512238290790003e+06 1.004825354078160871e+00 1.246358894169585308e-03
2.459512238383380231e+06 1.000439738800370071e+00 1.239207551816340217e-03
2.459512238476079889e+06 9.998010217038070246e-01 1.232757584897981734e-03
2.459512238568769768e+06 9.980943461065562294e-01 1.242305572720741247e-03
2.459512238661359996e+06 9.948110916879735477e-01 1.232237609055558767e-03
2.459512238754069898e+06 1.004198408822655431e+00 1.217904076549877887e-03
2.459512238846759778e+06 1.002134040120832070e+00 1.232125692173217111e-03
2.459512238939350005e+06 1.002702813354740208e+00 1.238995254760570175e-03
2.459512239032050129e+06 9.989026311472273267e-01 1.218667475853124149e-03
2.459512239124749787e+06 9.983285162121752210e-01 1.214585999772131849e-03
2.459512239217340015e+06 1.000956719893608460e+00 1.220989439543599233e-03
2.459512239310029894e+06 9.965661908895033783e-01 1.217531143459528757e-03
2.459512239402730018e+06 1.006905190287959995e+00 1.228336470444690593e-03
2.459512239495439921e+06 9.970560504990172435e-01 1.201013885645716610e-03
2.459512239588019904e+06 1.002840695156693274e+00 1.216493699504737902e-03
2.459512239680720028e+06 1.001520378956685331e+00 1.226056382739156231e-03
2.459512239773420151e+06 9.988265569810039768e-01 1.210904822717800196e-03
2.459512239866009913e+06 9.947899671951595524e-01 1.222911617493696070e-03
2.459512239958710037e+06 1.002551314812312411e+00 1.214269277433605845e-03
2.459512240051410161e+06 9.937720180933754532e-01 1.209008115204120029e-03
2.459512240143990144e+06 1.006027465345251448e+00 1.212020621854321793e-03
2.459512240236700047e+06 9.974475326710074974e-01 1.205801607545317925e-03
2.459512240329400171e+06 1.000531909852295565e+00 1.218989873009861634e-03
2.459512240421980154e+06 1.005768511535766629e+00 1.230375113555917839e-03
2.459512240514679812e+06 1.002679569689057359e+00 1.211435436394690856e-03
2.459512240607390180e+06 1.003918364615040693e+00 1.216107056388953528e-03
2.459512240699970163e+06 1.002014165066587470e+00 1.211596880453251869e-03
2.459512240792669822e+06 1.001645024727049638e+00 1.225567441904269143e-03
2.459512240885369945e+06 1.002142534991493417e+00 1.222256169062689319e-03
2.459512240977960173e+06 9.991346751666305703e-01 1.197779890716543869e-03
2.459512241070659831e+06 1.009348636390434706e+00 1.210287277345071383e-03
2.459512241163359955e+06 1.007000371373129699e+00 1.214033273752949775e-03
2.459512241255939938e+06 1.000548191282879085e+00 1.206793913792696734e-03
2.459512241348649841e+06 9.999428767680124119e-01 1.220567544755732587e-03
2.459512241441349965e+06 1.009100312118627496e+00 1.226465111868616951e-03
2.459512241533929948e+06 9.971327787039687696e-01 1.201610266071491753e-03
2.459512241626630072e+06 9.999513013400764816e-01 1.203366773291525849e-03
2.459512241719339974e+06 9.951286942626476062e-01 1.191138955941404383e-03
2.459512241811919957e+06 9.992674969937617169e-01 1.207971489185103407e-03
2.459512241904620081e+06 9.968223965175342371e-01 1.195244048522907734e-03
2.459512241997309960e+06 9.969386217199524003e-01 1.199224089920357221e-03
2.459512242089909967e+06 1.002181729718820913e+00 1.199279255242807502e-03
2.459512242182610091e+06 1.000818926013271826e+00 1.199797142022516637e-03
2.459512242275299970e+06 9.949962904071226744e-01 1.199598233103834699e-03
2.459512242367890198e+06 9.870451319629517384e-01 1.189364181074431320e-03
2.459512242460589856e+06 9.972094150484032138e-01 1.198113460716665772e-03
2.459512242553289980e+06 1.002576493931466972e+00 1.201096716703150625e-03
2.459512242645880207e+06 9.992890991861171912e-01 1.197571114510723091e-03
2.459512242738570087e+06 9.962244587363161541e-01 1.197549024955001399e-03
2.459512242831279989e+06 9.992125434908469828e-01 1.196152620176014949e-03
2.459512242923980113e+06 9.972405352849043059e-01 1.203611210082741832e-03
2.459512243016560096e+06 1.003682128007087782e+00 1.198978847116838548e-03
2.459512243109260220e+06 9.980530684298759558e-01 1.195967176478485725e-03
2.459512243201970123e+06 9.978375666469311289e-01 1.200050864336151294e-03
2.459512243294550106e+06 1.005025836175424070e+00 1.207005559307726579e-03
2.459512243387250230e+06 9.934338814232791526e-01 1.189635428714140878e-03
2.459512243479960132e+06 1.001654955892053112e+00 1.201807815095467516e-03
2.459512243572540116e+06 1.000020059399008954e+00 1.199109673054889018e-03
2.459512243665239774e+06 9.967537959555615723e-01 1.189095789973255903e-03
2.459512243757939897e+06 1.001575783992886270e+00 1.195383128267901458e-03
2.459512243850519881e+06 1.000918431332114222e+00 1.197454760293516001e-03
2.459512243943229783e+06 9.923487344125123677e-01 1.204942234402831859e-03
2.459512244035929907e+06 9.987748239711784493e-01 1.203914742750048904e-03
2.459512244128509890e+06 9.954810000917682089e-01 1.210834264898847257e-03
2.459512244221219793e+06 1.001550767897484651e+00 1.239120386763939040e-03
2.459512244313919917e+06 1.004933436954867032e+00 1.209928393816925556e-03
2.459512244406499900e+06 9.971857568832430685e-01 1.204453271458157679e-03
2.459512244499200024e+06 1.006747718943873382e+00 1.206657809473788432e-03
2.459512244591909926e+06 9.915886245096053875e-01 1.214975529299714601e-03
2.459512244684489910e+06 9.986762301243304885e-01 1.193247948290097850e-03
2.459512244777190033e+06 9.997484394839202260e-01 1.202168016994877497e-03
2.459512244869890157e+06 1.000371054077930699e+00 1.207825909260569009e-03
2.459512244962470140e+06 9.935777359784405682e-01 1.201836652032519303e-03
2.459512245055180043e+06 9.991840786062685664e-01 1.201055853978110150e-03
2.459512245147880167e+06 1.005425450451714608e+00 1.217731403486966820e-03
2.459512245240460150e+06 9.984123128293235228e-01 1.205347210961101728e-03
2.459512245333159808e+06 9.971768308463669905e-01 1.199299203919747432e-03
2.459512245425859932e+06 1.000443328413533672e+00 1.190577935343220583e-03
2.459512245518450160e+06 9.896036126370540975e-01 1.195884309324598193e-03
2.459512245611140039e+06 9.964328949439233973e-01 1.194078999130452961e-03
2.459512245703849941e+06 1.003420474724401545e+00 1.202324272018152635e-03
2.459512245796440169e+06 9.941826196448261266e-01 1.212944848608868377e-03
2.459512245889130048e+06 9.918844884435090714e-01 1.201889491087973928e-03
2.459512245981830172e+06 1.004625158293274367e+00 1.208847948377571877e-03
2.459512246074410155e+06 1.003933659686218505e+00 1.195932368634362647e-03
2.459512246167120058e+06 1.009069312877513225e+00 1.199056264942565926e-03
2.459512246259820182e+06 1.004135255295456108e+00 1.197668371184149646e-03
2.459512246352519840e+06 1.002454752196489274e+00 1.192302995079591761e-03
2.459512246445110068e+06 1.007770462660820820e+00 1.206701529111031592e-03
2.459512246537810192e+06 1.004835380987632254e+00 1.196047835934635961e-03
2.459512246630509850e+06 9.988203644642051904e-01 1.200908178343630325e-03
2.459512246723089833e+06 9.986324887629780545e-01 1.196164668490519879e-03
2.459512246815800201e+06 1.005400840898803994e+00 1.193422812049084632e-03
2.459512246908499859e+06 1.004227839306261583e+00 1.191147146074025744e-03
2.459512247001079842e+06 9.970851317467459562e-01 1.183261566243529401e-03
2.459512247093779966e+06 1.003570530964993157e+00 1.198429108588208508e-03
2.459512247186489869e+06 9.961921676705844941e-01 1.180697977028440440e-03
2.459512247279069852e+06 1.011186560524041766e+00 1.200465867848868676e-03
2.459512247371769976e+06 1.008184850895974316e+00 1.198333833430187271e-03
2.459512247464470100e+06 9.935811925478047479e-01 1.176092055748150346e-03
2.459512247557059862e+06 9.971983124956879108e-01 1.177312836037031074e-03
2.459512247649759986e+06 1.000800260389650420e+00 1.182851139422112481e-03
2.459512247742460109e+06 1.005977742507649042e+00 1.188512262022196550e-03
2.459512247835040092e+06 9.932075006797943528e-01 1.173959608092022076e-03
2.459512247927740216e+06 1.001786108708698775e+00 1.186923557099159223e-03
2.459512248020450119e+06 9.929835290477816434e-01 1.178983346816263409e-03
2.459512248113030102e+06 1.000404598864663708e+00 1.188335420611647290e-03
2.459512248205730226e+06 1.000599469018283116e+00 1.186915138041765277e-03
2.459512248298429884e+06 9.958444801216679299e-01 1.189707069427479091e-03
2.459512248391020112e+06 9.968838675835592911e-01 1.194874739779954809e-03
2.459512248483719770e+06 1.004280854058000161e+00 1.209581450025182204e-03
2.459512248576410115e+06 9.943287353765889458e-01 1.200677802523036344e-03
2.459512248669010121e+06 9.964264850643549387e-01 1.191691114050539126e-03
2.459512248761700001e+06 9.972487979900871435e-01 1.192164949798466770e-03
2.459512248854400124e+06 9.995608536576474634e-01 1.204406122599396877e-03
2.459512248946989886e+06 9.997705958052260922e-01 1.192772618347780027e-03
2.459512249039690010e+06 9.946358186855178696e-01 1.190849197049255936e-03
2.459512249132390134e+06 9.998110207257608906e-01 1.184093203797204801e-03
2.459512249224970117e+06 9.926121010916817422e-01 1.202680161539805646e-03
2.459512249317669775e+06 1.001066917504195519e+00 1.189495435059037673e-03
2.459512249410380144e+06 9.932783283953965370e-01 1.176244168200695894e-03
2.459512249503079802e+06 9.997644968385054343e-01 1.190356104020918885e-03
2.459512249595659785e+06 9.936606370582914405e-01 1.188063920950100088e-03
2.459512249688359909e+06 1.003228944376547416e+00 1.191767136878312330e-03
2.459512249781069811e+06 9.877988397368104856e-01 1.174548724483710739e-03
2.459512249873649795e+06 9.977459125090974990e-01 1.185757239229368477e-03
2.459512249966349918e+06 1.003710367331810183e+00 1.196652370964399695e-03
2.459512250059050042e+06 1.001180946096286606e+00 1.213553694376022420e-03
2.459512250151639804e+06 9.976190231710135858e-01 1.198533636772243331e-03
2.459512250244339928e+06 9.994140716466874963e-01 1.188531031095529196e-03
2.459512250337040052e+06 1.008001005715406295e+00 1.198211757754887290e-03
2.459512250429620035e+06 9.979697936950788772e-01 1.198513275635039758e-03
2.459512250522329938e+06 1.003361093504423707e+00 1.194834895875434471e-03
2.459512250615030061e+06 1.003007667357575627e+00 1.191993629878735673e-03
2.459512250707610045e+06 9.991574569255714522e-01 1.192998799205017505e-03
2.459512250800310168e+06 1.002049979208689878e+00 1.209900272059603443e-03
2.459512250893020071e+06 9.859768140348648124e-01 1.174486868589704044e-03
2.459512250985600054e+06 1.000994691792929103e+00 1.189681893934455264e-03
2.459512251078300178e+06 1.002264723601063334e+00 1.191362432137058188e-03
2.459512251170999836e+06 9.981939338429129949e-01 1.191019071097487031e-03
2.459512251263590064e+06 9.959488734703504376e-01 1.186956490191912747e-03
2.459512251356290188e+06 1.002619173365616678e+00 1.190963205135351591e-03
2.459512251448980067e+06 1.001851963323356021e+00 1.190544729235197595e-03
2.459512251541569829e+06 1.002675440159534581e+00 1.191598848632807565e-03
2.459512251634280197e+06 9.968640226435431240e-01 1.182917587992086354e-03
2.459512251726970077e+06 1.001563958694579703e+00 1.188094393730222903e-03
2.459512251819559839e+06 1.008464430832187286e+00 1.199173341594504194e-03
2.459512251912250184e+06 9.980630433773376442e-01 1.190479953550666742e-03
2.459512252004960086e+06 1.000442119156281784e+00 1.191877678227511953e-03
2.459512252097549848e+06 9.955046677619363571e-01 1.193285108273505488e-03
2.459512252190240193e+06 9.982445279031680885e-01 1.190872424277844132e-03
2.459512252282939851e+06 1.002335097129861685e+00 1.187656130851500033e-03
2.459512252375539858e+06 1.000685753910088849e+00 1.184020806763200770e-03
2.459512252468230203e+06 9.993642388197161441e-01 1.187127109204861360e-03
2.459512252560929861e+06 1.001372632376873906e+00 1.187105742513498751e-03
2.459512252653509844e+06 9.949807512640683749e-01 1.175787812182156351e-03
2.459512252746220212e+06 1.003430004581021384e+00 1.180920508751886989e-03
2.459512252838919871e+06 9.983135316549132110e-01 1.176768907102185811e-03
2.459512252931619994e+06 1.005763559308935573e+00 1.191916867821443725e-03
2.459512253024199978e+06 9.943550641816691904e-01 1.182103395773294666e-03
2.459512253116909880e+06 9.949835156032242889e-01 1.184498201028761971e-03
2.459512253209610004e+06 1.000671913038608141e+00 1.185969586616696233e-03
2.459512253302189987e+06 1.001151755087949624e+00 1.188662396213473974e-03
2.459512253394890111e+06 1.001383446917887277e+00 1.182857610855901935e-03
2.459512253487600014e+06 1.000502606780325987e+00 1.193435295672013417e-03
2.459512253580179997e+06 9.953592395317094610e-01 1.185402290040679305e-03
2.459512253672880121e+06 9.993424331777699399e-01 1.199470842377995923e-03
2.459512253765579779e+06 1.000824508910957755e+00 1.196126309180281467e-03
2.459512253858170006e+06 1.001113645467005764e+00 1.190422978222945146e-03
2.459512253950870130e+06 9.956114773251812933e-01 1.180796494539823821e-03
2.459512254043569788e+06 1.007067974268879285e+00 1.195353369756135126e-03
2.459512254136149772e+06 1.009204121346881644e+00 1.193371705103629058e-03
2.459512254228860140e+06 1.004584779469324118e+00 1.185465594331829324e-03
2.459512254321559798e+06 1.001611363293269275e+00 1.195653707673458108e-03
2.459512254414139781e+06 1.006173594806612615e+00 1.198913780521206496e-03
2.459512254506839905e+06 1.006235000775907551e+00 1.189797232071305349e-03
2.459512254599549808e+06 1.004328827423789372e+00 1.193590048779192723e-03
2.459512254692129791e+06 1.000927413518593045e+00 1.190160820334879672e-03
2.459512254784829915e+06 9.990679429527868916e-01 1.196720723240039547e-03
2.459512254877519794e+06 1.002310133032156880e+00 1.190864461586002955e-03
2.459512254970119800e+06 9.979860934379080062e-01 1.192279210043279292e-03
2.459512255062819924e+06 9.995354860815379716e-01 1.193682923394357451e-03
2.459512255155509803e+06 1.004845819369947213e+00 1.194393533387730225e-03
2.459512255248100031e+06 1.004757142397748604e+00 1.204854609692722085e-03
2.459512255340800155e+06 9.918295123208967778e-01 1.224786770358329705e-03
2.459512255433499813e+06 1.003730937486113639e+00 1.230876150013543360e-03
2.459512255526079796e+06 1.000543336559244878e+00 1.205692648136605111e-03
2.459512255618779920e+06 9.999549460566906633e-01 1.185903667309904036e-03
2.459512255711489823e+06 1.004162986320406681e+00 1.196355480270134067e-03
2.459512255804069806e+06 1.003274578536366590e+00 1.189730216718465610e-03
2.459512255896769930e+06 9.964772299357829155e-01 1.184246671735656592e-03
2.459512255989470053e+06 9.981020071213080325e-01 1.188513146796666602e-03
2.459512256082179956e+06 9.996708166633736514e-01 1.186357259746233499e-03
2.459512256174759939e+06 9.938360262410260715e-01 1.192557227043565711e-03
2.459512256267460063e+06 1.001452865779019819e+00 1.194517392772817500e-03
2.459512256360160187e+06 9.973375677308149445e-01 1.181684914948038460e-03
2.459512256452749949e+06 1.004596615815428695e+00 1.189322969629345817e-03
2.459512256545450073e+06 1.000490362187774984e+00 1.189097516672528616e-03
2.459512256638150197e+06 1.002207680483316654e+00 1.186081089812389584e-03
2.459512256730730180e+06 1.006626371458755109e+00 1.192269620898801048e-03
2.459512256823440082e+06 9.948710824483335546e-01 1.179612284524318190e-03
2.459512256916140206e+06 1.000651113813495030e+00 1.183219417616114977e-03
2.459512257008720189e+06 1.000200468170112433e+00 1.190185218643800185e-03
2.459512257101419847e+06 1.003526297543687829e+00 1.188522610189842463e-03
2.459512257194130216e+06 1.002515097416653456e+00 1.204201637134183749e-03
2.459512257286710199e+06 9.975828514035663952e-01 1.185412803796144715e-03
2.459512257379409857e+06 9.998397034943353745e-01 1.178507797234466456e-03
2.459512257472109981e+06 1.000548194285820314e+00 1.180095220286222135e-03
2.459512257564700209e+06 1.004966830068918515e+00 1.184459724851746019e-03
2.459512257657399867e+06 9.924114317305021693e-01 1.181898615122233768e-03
2.459512257750099991e+06 1.004107982131844823e+00 1.191646224818293303e-03
2.459512257842679974e+06 9.973278703788694965e-01 1.184480900819140543e-03
2.459512257935389876e+06 9.922946070485035852e-01 1.172801613821283090e-03
2.459512258028080221e+06 9.959646090623134329e-01 1.175614195932455546e-03
2.459512258120669983e+06 9.980598105766212980e-01 1.175145641221730930e-03
2.459512258213370107e+06 1.004084146051620108e+00 1.181531241116353000e-03
2.459512258306070231e+06 9.971261428564277551e-01 1.173878255473608792e-03
2.459512258398659993e+06 9.981048915519201703e-01 1.185488759372532253e-03
2.459512258491349872e+06 9.971066590984708489e-01 1.181089845219605644e-03
2.459512258584049996e+06 1.003153481071631159e+00 1.181760034726201314e-03
2.459512258676640224e+06 9.947631989247970319e-01 1.178833538425663871e-03
2.459512258769339882e+06 1.001210339764913249e+00 1.190450690048950070e-03
2.459512258862040006e+06 1.002362838019569491e+00 1.192952879390416767e-03
2.459512258954619989e+06 1.008160435317262182e+00 1.197775978853772875e-03
2.459512259047329891e+06 1.003789619501475272e+00 1.183281079849259586e-03
2.459512259140030015e+06 1.001545962922163246e+00 1.185624975021344401e-03
2.459512259232609998e+06 1.001208308946099024e+00 1.186345636007973825e-03
2.459512259325310122e+06 9.933039767324155500e-01 1.173331995809362600e-03
2.459512259418020025e+06 1.000151380293930803e+00 1.174258884408760275e-03
2.459512259510720149e+06 9.943256961768480728e-01 1.165888875404705663e-03
2.459512259603300132e+06 1.007268299276426138e+00 1.186376090213018099e-03
2.459512259695999790e+06 9.954932542149981245e-01 1.175025627442043315e-03
2.459512259788710158e+06 1.003246863694218227e+00 1.187631485473312999e-03
2.459512259881290141e+06 1.002489136582867646e+00 1.192372763426811054e-03
2.459512259973989800e+06 1.000700240556895437e+00 1.182123986607916876e-03
2.459512260066689923e+06 1.009156019859059006e+00 1.189488353187770527e-03
2.459512260159280151e+06 9.961221494992948955e-01 1.175569041548231441e-03
2.459512260251979809e+06 1.004783461863665739e+00 1.201090329327321850e-03
2.459512260344679933e+06 9.997375384672037013e-01 1.178715472815272929e-03
2.459512260437259916e+06 9.952683407386176961e-01 1.174977704605962561e-03
2.459512260529969819e+06 1.004600872749509044e+00 1.186493086233443399e-03
2.459512260622669943e+06 9.992342138176379951e-01 1.184259631737163455e-03
2.459512260715249926e+06 1.004388202142190378e+00 1.184868621635862956e-03
2.459512260807950050e+06 1.000714799574426994e+00 1.175693856174792528e-03
2.459512260900659952e+06 9.907860168473420215e-01 1.167642256118074434e-03
2.459512260993239935e+06 9.955299300003399576e-01 1.171057316112125496e-03
2.459512261085940059e+06 1.002105009938129454e+00 1.189510039166157256e-03
2.459512261178629939e+06 9.983102858574059990e-01 1.186808272640050210e-03
2.459512261271229945e+06 1.008015372055105940e+00 1.203632535528041019e-03
2.459512261363919824e+06 9.987136446710414006e-01 1.192617739006247238e-03
2.459512261456619948e+06 9.941903372779019588e-01 1.181843705968215006e-03
2.459512261549210176e+06 9.995380578444474917e-01 1.185146678255208710e-03
2.459512261641909834e+06 1.001095986267938498e+00 1.186298418779319292e-03
2.459512261734609958e+06 1.003171910437024250e+00 1.195242709733623874e-03
2.459512261827200186e+06 1.007561715087763599e+00 1.193852069814218663e-03
2.459512261919890065e+06 9.968223784861597325e-01 1.175668965330609007e-03
2.459512262012599967e+06 9.918815963529942215e-01 1.177445313482661324e-03
2.459512262105190195e+06 1.004115361320412347e+00 1.185495154786005145e-03
2.459512262197880074e+06 1.002729095128110259e+00 1.193119425996600272e-03
2.459512262290580198e+06 9.995598008687280878e-01 1.186420265872252912e-03
2.459512262383169960e+06 9.889355885186353889e-01 1.182893511442831844e-03
2.459512262475870084e+06 1.002524641242099834e+00 1.193931388633966443e-03
2.459512262568570208e+06 1.004417724514739652e+00 1.187802010547234915e-03
2.459512262661269866e+06 1.004455935970503644e+00 1.210596727761603783e-03
2.459512262753860094e+06 9.995261111599449411e-01 1.214674650685961281e-03
2.459512262846560217e+06 9.998155386735733119e-01 1.212423609770970278e-03
2.459512262939259876e+06 1.000606286452714100e+00 1.196144152198183857e-03
2.459512263031839859e+06 9.969517381144216150e-01 1.176753164312496986e-03
2.459512263124550227e+06 1.000749172716540736e+00 1.174150461977820255e-03
2.459512263217249885e+06 1.007981173475454018e+00 1.185674846440355149e-03
2.459512263309829868e+06 9.954680967681328596e-01 1.174528805316204117e-03
2.459512263402529992e+06 1.003862431474938033e+00 1.184816900566640352e-03
2.459512263495239895e+06 1.004837319063557555e+00 1.191294844320979745e-03
2.459512263587819878e+06 1.001149785307845486e+00 1.185983289500534051e-03
2.459512263680520002e+06 9.933120377970457993e-01 1.177436997207609044e-03
2.459512263773220126e+06 1.000205718924576326e+00 1.173924635650865729e-03
2.459512263865809888e+06 9.994639897022359332e-01 1.180726269619155125e-03
2.459512263958510011e+06 1.000639376989888030e+00 1.187578011909295279e-03
2.459512264051210135e+06 9.958637927057089057e-01 1.180696131576599401e-03
2.459512264143790118e+06 1.000739572520871645e+00 1.184584778732484774e-03
2.459512264236500021e+06 1.001809616296653438e+00 1.186779203299116693e-03
2.459512264329189900e+06 1.003738107916501754e+00 1.193499436988533025e-03
2.459512264421780128e+06 1.004314497719863031e+00 1.192697573905972816e-03
2.459512264514479786e+06 1.000544868046242319e+00 1.189017267529434915e-03
2.459512264607179910e+06 9.991896397393655871e-01 1.181931405707551102e-03
2.459512264699770138e+06 9.993378244050875603e-01 1.187588907186598684e-03
2.459512264792460017e+06 9.957141755838023744e-01 1.176233277492786831e-03
2.459512264885160141e+06 9.976136887912359086e-01 1.183075576927101590e-03
2.459512264977760147e+06 9.944254122132201168e-01 1.199340083514950509e-03
2.459512265070450027e+06 9.890389692708682068e-01 1.177824574528592945e-03
2.459512265163150150e+06 1.004092694344618231e+00 1.190380912064387337e-03
2.459512265255739912e+06 9.957925739194313230e-01 1.179654923673333598e-03
2.459512265348440036e+06 1.000921301764236659e+00 1.181908642462837448e-03
2.459512265441140160e+06 1.002993974626522178e+00 1.179405450301057416e-03
2.459512265533720143e+06 9.930081032042940015e-01 1.175929677589479787e-03
2.459512265626419801e+06 1.000023616928842785e+00 1.209907058733889580e-03
2.459512265719130170e+06 9.975170301316259591e-01 1.198789743315652537e-03
2.459512265811710153e+06 1.003936169170179804e+00 1.204875054641132114e-03
2.459512265904409811e+06 1.004008692341216369e+00 1.194118807762599302e-03
2.459512265997109935e+06 1.000980886591826158e+00 1.188057517389821483e-03
2.459512266089819837e+06 9.932479004983866266e-01 1.186162826476546859e-03
2.459512266182399821e+06 9.954985722495625078e-01 1.182804351506577508e-03
2.459512266275099944e+06 9.987517930081569739e-01 1.192385958671520873e-03
2.459512266367800068e+06 1.002080790933342236e+00 1.199615495591020492e-03
2.459512266460389830e+06 1.003602456918751384e+00 1.193287528529504574e-03
2.459512266553089954e+06 1.003554560101491466e+00 1.201107549454960566e-03
2.459512266645790078e+06 9.987898885920705183e-01 1.177497586163577534e-03
2.459512266738370061e+06 1.003904094069067554e+00 1.185655609954862529e-03
2.459512266831079964e+06 9.944169558742477211e-01 1.185068678366330615e-03
2.459512266923780087e+06 9.981045532152758026e-01 1.187815691203119315e-03
2.459512267016360071e+06 1.005320608876207222e+00 1.193342602138432662e-03
2.459512267109060194e+06 1.002610473873646990e+00 1.207021798391011034e-03
2.459512267201770097e+06 9.999561139712332958e-01 1.209183597758824386e-03
2.459512267294350080e+06 9.996538030149551002e-01 1.206453847733249176e-03
2.459512267387050204e+06 1.000549232613940465e+00 1.199881928854693545e-03
2.459512267479740083e+06 1.005474789367493349e+00 1.189132191665892872e-03
2.459512267572340090e+06 9.998250354499359505e-01 1.187842045456541026e-03
2.459512267665040214e+06 9.977205501118867614e-01 1.172907254836071892e-03
2.459512267757730093e+06 9.929532478675265894e-01 1.164943976643833179e-03
2.459512267850319855e+06 9.957063827580142634e-01 1.165916430355684813e-03
2.459512267943019979e+06 1.005721260890199753e+00 1.180014197693147505e-03
2.459512268035720102e+06 1.001534845636367521e+00 1.183354368193952066e-03
2.459512268128309865e+06 1.001382249612753572e+00 1.179625295677561546e-03
2.459512268221000209e+06 9.959598066680108719e-01 1.169651821062318679e-03
2.459512268313710112e+06 1.001856414559822106e+00 1.171853162026562784e-03
2.459512268406299874e+06 9.965918827144679693e-01 1.174694569956785326e-03
2.459512268498990219e+06 1.000119720124426070e+00 1.181791104105593031e-03
2.459512268591689877e+06 1.002669318925437425e+00 1.188346476038499482e-03
2.459512268684280105e+06 9.969063261855436453e-01 1.178351169532749826e-03
2.459512268776980229e+06 9.945196331621637409e-01 1.175795368276677045e-03
2.459512268869679887e+06 1.010684797541343993e+00 1.191960039035671985e-03
2.459512268962259870e+06 9.975388643606438732e-01 1.183282992109170552e-03
2.459512269054969773e+06 1.002046494274986488e+00 1.179962851433235009e-03
2.459512269147669896e+06 9.992234726824695823e-01 1.181831906395233982e-03
2.459512269240249880e+06 9.969987845023337014e-01 1.197224260879066601e-03
2.459512269332950003e+06 9.927905474735493341e-01 1.182567271363925291e-03
2.459512269425659906e+06 1.006599655636509549e+00 1.190859711684286431e-03
2.459512269518360030e+06 1.004030270424260518e+00 1.212866140586250484e-03
2.459512269610940013e+06 9.974581327395746211e-01 1.190644670021972183e-03
2.459512269703640137e+06 9.962511515785158478e-01 1.175378800986881566e-03
2.459512269796350040e+06 9.956849807426811916e-01 1.184258011064511602e-03
2.459512269888930023e+06 1.008081029827190278e+00 1.190335971910874745e-03
2.459512269981630147e+06 9.949195072473661083e-01 1.178427123644334908e-03
2.459512270074329805e+06 1.002753654456010501e+00 1.186641061622210370e-03
2.459512270166920032e+06 1.004476750955528130e+00 1.192899733740558415e-03
2.459512270259620156e+06 9.967887800123048647e-01 1.181373397455400074e-03
2.459512270352319814e+06 1.005862755443150292e+00 1.190362832058596866e-03
2.459512270444899797e+06 1.005109092742184185e+00 1.186523319627700917e-03
2.459512270537610166e+06 1.001549445582239573e+00 1.177659361674437098e-03
2.459512270630309824e+06 9.936556905608761037e-01 1.177584253392077685e-03
2.459512270722889807e+06 1.005276098294482390e+00 1.195328687471111781e-03
2.459512270815589931e+06 1.004525078892174017e+00 1.195586213257948628e-03
2.459512270908290055e+06 9.956424344100310853e-01 1.183843428998195653e-03
2.459512271000879817e+06 1.000459756234339137e+00 1.183081884086770912e-03
2.459512271093579940e+06 1.003982657008061219e+00 1.185955803078199899e-03
2.459512271186269820e+06 9.945127344453041918e-01 1.177931031459678946e-03
2.459512271278869826e+06 1.001742425316715090e+00 1.179103583749887326e-03
2.459512271371560171e+06 9.948832880848760274e-01 1.173853416622621911e-03
2.459512271464259829e+06 1.001314338964209405e+00 1.186036717575192313e-03
2.459512271556850057e+06 9.965642581824170065e-01 1.175088870571313953e-03
2.459512271649550181e+06 9.965758224158665080e-01 1.173753410725070744e-03
2.459512271742249839e+06 1.003959486445990423e+00 1.183994656122750377e-03
2.459512271834840067e+06 9.897458494734081569e-01 1.181402403348832432e-03
2.459512271927529946e+06 9.899234880170056927e-01 1.174385225524165544e-03
2.459512272020239849e+06 9.953301510680346853e-01 1.191807504353817630e-03
2.459512272112819832e+06 9.959153086065012372e-01 1.181164748387550888e-03
2.459512272205519956e+06 9.993472091720170258e-01 1.177991816583397666e-03
2.459512272298220079e+06 1.005143869001420942e+00 1.184049454276422204e-03
2.459512272390809841e+06 1.001508389203914717e+00 1.180107014974819462e-03
2.459512272483509965e+06 9.992091413915457077e-01 1.183742752663021749e-03
2.459512272576210089e+06 1.000947715742813715e+00 1.180734255133815674e-03
2.459512272668910213e+06 9.957356334976982248e-01 1.178214393753244981e-03
2.459512272761499975e+06 9.992898129110627803e-01 1.181350014459847013e-03
2.459512272854200099e+06 1.003877607156197227e+00 1.183123904335657258e-03
2.459512272946900222e+06 1.002265773972666807e+00 1.178430870439951513e-03
2.459512273039480206e+06 9.984806988328325250e-01 1.177254431269229504e-03
2.459512273132190108e+06 9.924618604357233753e-01 1.175389393864752002e-03
2.459512273224890232e+06 9.999633984961203703e-01 1.179740614014598800e-03
2.459512273317470215e+06 9.914839522618587031e-01 1.178423619685654844e-03
2.459512273410169873e+06 1.002311073359893445e+00 1.181133165762037352e-03
2.459512273502879776e+06 9.988899911467600257e-01 1.181092404738475279e-03
2.459512273595460225e+06 9.909923490102801047e-01 1.164330538442719110e-03
2.459512273688159883e+06 9.983857857179413431e-01 1.174021358891135696e-03
2.459512273780860007e+06 1.000098362582759526e+00 1.182438207764280888e-03
2.459512273873449769e+06 9.943154307820335491e-01 1.176684423700856191e-03
2.459512273966149893e+06 9.930779783895571367e-01 1.177614446820885634e-03
2.459512274058839772e+06 9.984031863894442527e-01 1.175801053828934555e-03
2.459512274151430000e+06 1.005803675655002838e+00 1.183236207348175358e-03
2.459512274244139902e+06 9.981688259214446246e-01 1.180267645953947701e-03
2.459512274336829782e+06 9.980331840832608048e-01 1.176643395356053454e-03
2.459512274429420009e+06 1.007151519678912033e+00 1.183824601837507552e-03
2.459512274522109888e+06 1.000549688562494710e+00 1.177527370042843850e-03
2.459512274614819791e+06 1.000066640625214331e+00 1.177146085613044657e-03
2.459512274707410019e+06 1.002353047420879495e+00 1.182928815384982815e-03
2.459512274800099898e+06 9.989322360448039673e-01 1.171106385645848688e-03
2.459512274892800022e+06 1.006472218933706975e+00 1.200626386651163988e-03
2.459512274985400029e+06 1.001667601872493041e+00 1.183065865773013465e-03
2.459512275078089908e+06 9.988850966976940970e-01 1.174192088134854133e-03
2.459512275170790032e+06 1.000806911923413312e+00 1.176851412670553787e-03
2.459512275263370015e+06 9.999424414153095242e-01 1.178481813276974080e-03
2.459512275356079917e+06 1.002037171500554491e+00 1.185854115478414449e-03
2.459512275448780041e+06 1.005688505466956428e+00 1.180283300542093235e-03
2.459512275541360024e+06 1.001549971296592734e+00 1.171242860917453069e-03
2.459512275634060148e+06 9.915789590364240125e-01 1.165802151432937875e-03
2.459512275726770051e+06 9.942089185560246678e-01 1.171026396332799837e-03
2.459512275819350034e+06 1.004011188550217870e+00 1.177536026892297494e-03
2.459512275912050158e+06 1.001334120282172613e+00 1.178011418240843293e-03
2.459512276004749816e+06 1.002111966208995897e+00 1.191430026998797128e-03
2.459512276097460184e+06 9.983487960819895646e-01 1.187531047590491360e-03
2.459512276190040167e+06 1.008705298746214396e+00 1.198637164586918323e-03
2.459512276282739826e+06 9.984522520193791495e-01 1.181851527035033926e-03
2.459512276375439949e+06 1.004560468332710288e+00 1.191291110422578120e-03
2.459512276468030177e+06 9.984966470080431922e-01 1.184096470738709665e-03
2.459512276560729835e+06 9.967886660445073321e-01 1.173103807169618030e-03
2.459512276653429959e+06 9.973443793479612740e-01 1.174751259311002495e-03
2.459512276746009942e+06 9.986320557210357496e-01 1.191338024867361328e-03
2.459512276838719845e+06 9.985584617404461572e-01 1.184340021565460878e-03
2.459512276931419969e+06 1.004238531521340017e+00 1.187342130856560264e-03
2.459512277023999952e+06 1.003262113999987548e+00 1.204689419293025754e-03
2.459512277116700076e+06 9.968553750271605951e-01 1.185336668992285122e-03
2.459512277209409978e+06 1.000047120450364702e+00 1.188434372772647534e-03
2.459512277301989961e+06 1.005827020630654101e+00 1.202188810487361988e-03
2.459512277394690085e+06 1.002593711344261562e+00 1.196144625994321163e-03
2.459512277487379964e+06 9.990171771617089025e-01 1.198378214010853470e-03
2.459512277579979971e+06 9.956830956045147341e-01 1.182137363760279915e-03
2.459512277672680095e+06 1.001035735171053487e+00 1.204778436773449321e-03
2.459512277765369974e+06 1.000811828146640714e+00 1.219295161702917997e-03
2.459512277857960202e+06 9.940270274743341350e-01 1.191183530151998645e-03
2.459512277950659860e+06 1.003809254648601268e+00 1.216166522355011754e-03
2.459512278043359984e+06 9.952551116818866284e-01 1.181344250902959187e-03
2.459512278135950211e+06 1.000685826413440616e+00 1.183784088172015704e-03
2.459512278228640091e+06 1.002596224182192186e+00 1.189939934432702540e-03
2.459512278321349993e+06 1.000492656866690977e+00 1.184525627900470625e-03
2.459512278413929977e+06 1.006091364479383854e+00 1.207324169095685658e-03
2.459512278506630100e+06 9.964602792764477579e-01 1.190006382382205940e-03
2.459512278599330224e+06 1.007099140175822916e+00 1.194756238998305464e-03
2.459512278691919986e+06 9.979922324126457855e-01 1.187521710881536555e-03
2.459512278784620110e+06 1.003451395620525766e+00 1.196694193278027363e-03
2.459512278877319768e+06 1.001291302670827221e+00 1.197240875522079554e-03
2.459512278969900217e+06 9.997002343908025779e-01 1.197959437385775995e-03
2.459512279062610120e+06 1.000845577685954835e+00 1.196991386216576846e-03
2.459512279155309778e+06 9.899716723536672314e-01 1.192509337832566843e-03
2.459512279248009901e+06 9.994241078170449377e-01 1.215006779606237668e-03
2.459512279340589885e+06 9.984711506069281484e-01 1.223723673694135546e-03
2.459512279433299787e+06 9.962463725174740548e-01 1.207335372621768646e-03
2.459512279525999911e+06 1.002883441893475780e+00 1.202370444327162217e-03
2.459512279618579894e+06 9.977381884655091016e-01 1.203202468831383442e-03
2.459512279711280018e+06 9.957950286944405871e-01 1.196539585889247860e-03
2.459512279803989921e+06 1.000929713058887449e+00 1.208038231480615746e-03
2.459512279896569904e+06 9.984247521790998725e-01 1.195251808972826917e-03
2.459512279989270028e+06 9.925532765793881884e-01 1.180724119551880297e-03
2.459512280081970152e+06 9.953449451017963856e-01 1.192763231197604794e-03
2.459512280174550135e+06 9.904543548183633028e-01 1.177730790588822369e-03
2.459512280267260037e+06 9.988355127245508447e-01 1.193916063562874092e-03
2.459512280359949917e+06 1.001270740778442914e+00 1.199458185419161613e-03
2.459512280452540144e+06 9.914220914421157937e-01 1.196593416077844189e-03
2.459512280545250047e+06 9.964719082125749194e-01 1.202610400269461029e-03
2.459512280637939926e+06 1.002342945119760298e+00 1.211692184590818433e-03
2.459512280730530154e+06 9.999171023153692328e-01 1.210225750389221349e-03
2.459512280823229812e+06 1.000384219750499071e+00 1.190965659071856111e-03
2.459512280915929936e+06 9.961273878762475498e-01 1.187812883782435151e-03
2.459512281008520164e+06 1.001483640129740449e+00 1.184118100888223619e-03
2.459512281101219822e+06 9.951912145299400825e-01 1.184466616906187496e-03
2.459512281193910167e+06 9.935382196267465993e-01 1.179517928742514904e-03
2.459512281286510173e+06 9.998646920259481874e-01 1.182308044500997909e-03
2.459512281379200052e+06 9.975921151836327772e-01 1.173555736736526991e-03
2.459512281471900176e+06 9.891875437624750855e-01 1.166560359800399189e-03
2.459512281564480159e+06 9.996766633532934154e-01 1.179525223722555083e-03
2.459512281657190062e+06 9.990795197405188954e-01 1.185699653283433120e-03
2.459512281749890186e+06 1.000959043263472958e+00 1.187952142924151829e-03
2.459512281842470169e+06 1.001779825479041985e+00 1.187134569111776431e-03
2.459512281935169827e+06 1.005769668752494850e+00 1.191009302814371269e-03
2.459512282027880196e+06 9.917184003083832078e-01 1.182484014181636690e-03
2.459512282120460179e+06 9.991809523652694924e-01 1.187422022205588757e-03
2.459512282213159837e+06 9.995818363373254467e-01 1.200632577135728402e-03
2.459512282305859961e+06 9.919576594401198211e-01 1.206210967215568799e-03
2.459512282398450188e+06 9.992195756786427241e-01 1.221254848542914278e-03
2.459512282491149846e+06 9.944413168832334504e-01 1.181144088892215494e-03
2.459512282583849970e+06 9.977735146367265884e-01 1.196797541497005967e-03
2.459512282676550094e+06 9.960508932784432057e-01 1.210728465528942109e-03
2.459512282769139856e+06 1.005950493093812348e+00 1.194967682495009847e-03
2.459512282861839980e+06 9.940679735179640542e-01 1.181128964970059843e-03
2.459512282954540104e+06 9.946705629690619777e-01 1.220049733912175567e-03
2.459512283047120087e+06 9.921999918223552983e-01 1.190915055149700634e-03
2.459512283139829990e+06 9.998049703193612192e-01 1.197958669870259575e-03
2.459512283232530113e+06 9.959635508992016328e-01 1.181938961756486949e-03
2.459512283325110096e+06 1.006209696407185605e+00 1.211518029481037807e-03
2.459512283417810220e+06 9.967940382165668689e-01 1.183665243293413171e-03
2.459512283510520123e+06 1.000462374570858293e+00 1.195383239131736497e-03
2.459512283603100106e+06 9.930940044530938149e-01 1.196593720598802335e-03
2.459512283695800230e+06 9.981635585828343427e-01 1.189841515089820482e-03
2.459512283788490109e+06 1.000279476716566807e+00 1.195029707405189561e-03
2.459512283881079871e+06 9.921249702095809031e-01 1.185071907694610661e-03
2.459512283973789774e+06 9.967212412854291603e-01 1.184561516786427227e-03
2.459512284066480119e+06 9.949795665738523365e-01 1.176312779670658651e-03
2.459512284159069881e+06 9.959303152235529089e-01 1.176758399171656637e-03
2.459512284251760226e+06 9.931474827614770184e-01 1.175301210858283431e-03
2.459512284344470128e+06 9.946290380718563195e-01 1.184695057465069961e-03
2.459512284437059890e+06 9.998191610079840697e-01 1.191952483802395093e-03
2.459512284529749770e+06 9.916779943163672728e-01 1.181799172854291514e-03
2.459512284622460138e+06 9.899150026037923933e-01 1.177499764271457139e-03
2.459512284715049900e+06 9.895288333892215960e-01 1.186590632315369289e-03
2.459512284807739779e+06 9.949103307255489081e-01 1.182500237504990025e-03
2.459512284900439903e+06 9.967865981357285632e-01 1.185242332624750422e-03
2.459512284993030131e+06 1.006923730718563004e+00 1.198235310039920138e-03
2.459512285085729789e+06 9.973833440538921735e-01 1.188310150538922187e-03
2.459512285178429913e+06 9.914397946317364818e-01 1.177045335379241567e-03
2.459512285271009896e+06 1.004569802255488975e+00 1.186369961197604852e-03
2.459512285363719799e+06 1.006010114051896220e+00 1.200607720089820474e-03
2.459512285456419922e+06 9.984588488722555555e-01 1.188500103443113770e-03
2.459512285548999906e+06 9.914600412984031497e-01 1.177559881676646736e-03
2.459512285641700029e+06 1.000641970319361196e+00 1.196951865359281329e-03
2.459512285734400153e+06 9.997556015668662699e-01 1.200103203922155744e-03
2.459512285827110056e+06 1.004315676157684578e+00 1.198729690678642691e-03
2.459512285919690039e+06 9.989607116067864556e-01 1.198874748323353317e-03
2.459512286012390163e+06 9.925841058792415073e-01 1.183681363702594747e-03
2.459512286105089821e+06 9.945685843293413653e-01 1.183210473972055692e-03
2.459512286197680049e+06 9.890599239930140119e-01 1.183148306497005912e-03
2.459512286290380172e+06 9.893786099251496990e-01 1.178162309560878192e-03
2.459512286383079831e+06 9.993110998303393888e-01 1.197422667804391282e-03
2.459512286475659814e+06 9.940905267305388815e-01 1.186758545309381198e-03
2.459512286568370182e+06 9.958296764650699240e-01 1.183791601896207581e-03
2.459512286661069840e+06 9.985952115768463866e-01 1.189276933952095744e-03
2.459512286753649823e+06 9.959891422964071150e-01 1.189532525838323494e-03
2.459512286846360192e+06 9.863309370588821956e-01 1.174232923123752449e-03
2.459512286939050071e+06 9.949725751536926399e-01 1.180825193542914264e-03
2.459512287031639833e+06 9.930788592664671066e-01 1.184653071766467039e-03
2.459512287124339957e+06 9.842677395638722571e-01 1.173889461007983966e-03
2.459512287217029836e+06 9.969070921237525029e-01 1.196792605668662701e-03
2.459512287309629843e+06 9.922260473183632801e-01 1.192287947564870309e-03
2.459512287402320188e+06 9.993151400598800915e-01 1.188289703892215490e-03
2.459512287495019846e+06 1.003409740568862230e+00 1.189082089161676683e-03
2.459512287587610073e+06 9.918245528343313522e-01 1.177456045479041875e-03
2.459512287680310197e+06 9.932815845179641112e-01 1.175305000898203573e-03
2.459512287773009855e+06 9.957182704630738179e-01 1.176461940758483007e-03
2.459512287865600083e+06 9.896795711776447124e-01 1.176375175359281470e-03
2.459512287958289962e+06 9.919229755748502075e-01 1.183745322584830312e-03
2.459512288050999865e+06 9.957460377065868729e-01 1.178694717724550894e-03
2.459512288143579848e+06 9.977552148912175456e-01 1.183308880618762476e-03
2.459512288236279972e+06 9.962497014251496807e-01 1.178461633263472915e-03
2.459512288328980096e+06 9.921699897624750575e-01 1.172211424231536878e-03
2.459512288421569858e+06 9.933894940169660792e-01 1.180352310049900214e-03
2.459512288514269982e+06 9.924803548952095822e-01 1.177955690209580740e-03
2.459512288606970105e+06 1.003620878862275356e+00 1.182955512874251389e-03
2.459512288699550088e+06 9.907355077704590451e-01 1.171043758542914112e-03
2.459512288792259991e+06 9.974215336377245666e-01 1.175970127934131745e-03
2.459512288884960115e+06 9.975704831796406991e-01 1.182530287395209623e-03
2.459512288977540098e+06 9.935935617415170285e-01 1.170482165558882175e-03
2.459512289070240222e+06 9.990573324950099421e-01 1.181745379760479027e-03
2.459512289162950125e+06 9.930090387624750381e-01 1.177548958483033877e-03
2.459512289255649783e+06 9.996084674051894936e-01 1.187263784371257432e-03
2.459512289348230232e+06 9.916595834261476838e-01 1.189215352415169723e-03
2.459512289440929890e+06 9.916442194351297035e-01 1.181141080658682559e-03
2.459512289533639792e+06 9.920560975269461235e-01 1.181220023772455111e-03
2.459512289626219776e+06 9.949005877435128653e-01 1.176875617215568989e-03
2.459512289718919899e+06 9.907543991876247569e-01 1.170720770399201558e-03
2.459512289811620023e+06 9.918839741357284856e-01 1.175796065668662784e-03
2.459512289904209785e+06 9.931178617355289617e-01 1.174518852674650768e-03
2.459512289996909909e+06 9.914260638662675262e-01 1.173414546197604734e-03
2.459512290089610033e+06 9.921627318033932053e-01 1.175810249880239336e-03
2.459512290182190016e+06 9.937208294870260028e-01 1.173830189451097877e-03
2.459512290274899919e+06 9.993893852195608885e-01 1.181865381526946146e-03
2.459512290367589798e+06 9.990472992714569678e-01 1.173660929181636779e-03
2.459512290460180026e+06 9.950539513063871855e-01 1.168581868802395177e-03
2.459512290552880149e+06 9.975780572435130056e-01 1.168816190978043965e-03
2.459512290645579807e+06 9.965988198782435026e-01 1.169523906337325289e-03
2.459512290738170035e+06 9.924130759760479981e-01 1.167484949830339264e-03
2.459512290830859914e+06 9.877667684261476344e-01 1.169017228512974011e-03
2.459512290923560038e+06 9.859969256526945891e-01 1.162845526936127786e-03
2.459512291016160045e+06 9.931496004830339119e-01 1.172645587355289343e-03
2.459512291108849924e+06 9.951555955129740560e-01 1.172851450299401211e-03
2.459512291201550048e+06 9.918069119510978249e-01 1.165217999690618773e-03
2.459512291294130031e+06 9.943938334271457125e-01 1.170277868812375291e-03
2.459512291386839934e+06 9.982671943113772262e-01 1.179189425548902081e-03
2.459512291479540057e+06 9.953265879301396168e-01 1.174236648532934113e-03
2.459512291572120041e+06 9.970467027475049537e-01 1.176200405459081749e-03
2.459512291664820164e+06 9.964603970598803206e-01 1.178238987305389208e-03
2.459512291757530067e+06 9.996031710678643378e-01 1.177328411706586846e-03
2.459512291850110050e+06 9.957999735329341462e-01 1.177138779361277436e-03
2.459512291942810174e+06 9.937288254840319635e-01 1.175704533752494965e-03
2.459512292035509832e+06 9.980614865169660233e-01 1.175545890029940001e-03
2.459512292128100060e+06 9.917816120069861130e-01 1.173384192205588874e-03
2.459512292220800184e+06 9.870721485499001080e-01 1.171148473213572822e-03
2.459512292313499842e+06 9.954854240678643329e-01 1.181358832754490990e-03
2.459512292406079825e+06 1.002745258992016053e+00 1.193166393932135671e-03
2.459512292498790193e+06 9.904980528772454607e-01 1.174558699740519026e-03
2.459512292591489851e+06 1.000963299650698524e+00 1.188997729880239594e-03
2.459512292684189975e+06 9.889073441037924406e-01 1.171313549890219512e-03
2.459512292776769958e+06 9.873188789840319224e-01 1.168164481916167527e-03
2.459512292869479861e+06 9.893104827784431343e-01 1.171274689920159774e-03
2.459512292962179985e+06 9.955639173562874644e-01 1.183334574890219492e-03
2.459512293054759968e+06 1.000825034231537014e+00 1.187137981097804345e-03
2.459512293147460092e+06 9.914082013303393559e-01 1.177825379800399213e-03
2.459512293240160216e+06 9.854119687684631534e-01 1.171257188692614686e-03
2.459512293332749978e+06 9.883161413582833843e-01 1.171816528353293412e-03
2.459512293425450101e+06 9.919120844550898264e-01 1.194745180958083682e-03
2.459512293518139981e+06 9.952235072025947815e-01 1.186460700518961924e-03
2.459512293610739987e+06 9.841023963043912248e-01 1.177166102075848314e-03
2.459512293703440111e+06 9.918498163283433477e-01 1.174108689780439243e-03
2.459512293796129990e+06 9.914693419650698614e-01 1.182254282954091785e-03
2.459512293888720218e+06 9.944431670499002118e-01 1.183370148802395097e-03
2.459512293981419876e+06 9.831033748982035414e-01 1.169353903662674783e-03
2.459512294074120000e+06 9.804764654021956849e-01 1.163774558942115697e-03
2.459512294166710228e+06 9.893290788832335148e-01 1.168510034191616760e-03
2.459512294259400107e+06 9.915751434221556915e-01 1.168353419870259450e-03
2.459512294352110010e+06 9.923640072095808451e-01 1.167693231167664684e-03
2.459512294444689993e+06 9.940256211027944655e-01 1.175797933383233461e-03
2.459512294537390117e+06 9.890109735289420723e-01 1.170224094530938289e-03
2.459512294630089775e+06 9.961777495508982172e-01 1.172669429860279415e-03
2.459512294722680002e+06 9.958202871766467235e-01 1.174950306806387280e-03
2.459512294815380126e+06 9.981470598902195679e-01 1.181640349710578715e-03
2.459512294908079784e+06 9.944159916367265595e-01 1.172768584441117711e-03
2.459512295000659768e+06 9.895832738592814648e-01 1.168650526646706524e-03
2.459512295093370136e+06 9.871431864121755773e-01 1.169073830858283506e-03
2.459512295186069794e+06 9.920023105938123864e-01 1.179431777495010096e-03
2.459512295278649777e+06 9.948839475389221754e-01 1.178034063283433077e-03
2.459512295371349901e+06 9.944739483722554452e-01 1.178130508163672705e-03
2.459512295464059804e+06 9.966491122145708648e-01 1.172836285718562976e-03
2.459512295556639787e+06 9.896101460009979478e-01 1.171754569081836454e-03
2.459512295649339911e+06 9.938644396596806319e-01 1.178968166197604797e-03
2.459512295742040034e+06 9.963080047315369114e-01 1.174915607804391353e-03
2.459512295834749937e+06 1.005546560199600759e+00 1.188205688023952168e-03
2.459512295927329920e+06 9.901828687225548986e-01 1.171351500499001998e-03
2.459512296020030044e+06 9.919821201157684731e-01 1.174255313772454984e-03
2.459512296112730168e+06 9.907427415778443658e-01 1.172335791007983984e-03
2.459512296205319930e+06 9.886282742435129611e-01 1.165233491556886235e-03
2.459512296298020054e+06 9.926970793053891962e-01 1.168440490988023866e-03
2.459512296390720177e+06 9.964338529311377313e-01 1.178330798852295514e-03
2.459512296483300161e+06 9.843870341487025444e-01 1.165304696856287337e-03
2.459512296576010063e+06 9.942245464011976175e-01 1.175035768003992055e-03
2.459512296668699943e+06 9.932357234031935489e-01 1.169562025968063929e-03
2.459512296761290170e+06 9.945791340269460878e-01 1.175775241576846415e-03
2.459512296853989828e+06 9.843114966447106262e-01 1.165077632375249427e-03
2.459512296946689952e+06 9.896223117425150262e-01 1.166005638243513068e-03
2.459512297039280180e+06 9.836429080508981571e-01 1.161862139201596915e-03
2.459512297131970059e+06 9.933831264710578646e-01 1.172592477395209597e-03
2.459512297224670183e+06 9.838909452984032633e-01 1.165871460838323413e-03
2.459512297317270190e+06 9.904369798203592756e-01 1.171562669540918058e-03
2.459512297409960069e+06 9.962465866417166138e-01 1.176611626147704582e-03
2.459512297502660193e+06 9.908249160269461120e-01 1.173698913433133748e-03
2.459512297595240176e+06 9.928433352045907823e-01 1.174037665439121945e-03
2.459512297687950078e+06 9.878201163363273807e-01 1.170844755249501054e-03
2.459512297780650202e+06 9.969004801806387039e-01 1.183367262125748463e-03
2.459512297873230185e+06 9.929377284600797715e-01 1.172695792445109823e-03
2.459512297965929843e+06 9.953632979890219001e-01 1.179193616966067899e-03
2.459512298058640212e+06 9.958588346606785935e-01 1.181599803303393179e-03
2.459512298151220195e+06 9.876288720828343415e-01 1.169642393373253493e-03
2.459512298243919853e+06 9.874753621506985324e-01 1.167254737834331341e-03
2.459512298336619977e+06 1.004490888333333443e+00 1.189630503562874239e-03
2.459512298429210205e+06 9.872431497544910117e-01 1.181367621487025912e-03
2.459512298521909863e+06 9.958257314990019982e-01 1.187930024530938064e-03
2.459512298614609987e+06 9.885262552405189584e-01 1.176500534471057935e-03
2.459512298707189970e+06 9.955529519690619056e-01 1.179948918912175626e-03
2.459512298799899872e+06 9.915545827475049645e-01 1.171232666686626827e-03
2.459512298892599996e+06 9.867212582814371968e-01 1.174019102704590813e-03
2.459512298985179979e+06 9.969077153982035533e-01 1.182334286497005969e-03
2.459512299077880103e+06 9.854211535938124378e-01 1.169614586736527012e-03
2.459512299170590006e+06 9.903572890898203473e-01 1.173792269700598767e-03
2.459512299263290130e+06 9.869641681057884641e-01 1.168547463333333321e-03
2.459512299355870113e+06 9.951421186097804128e-01 1.180546588732534928e-03
2.459512299448569771e+06 9.875604866706586549e-01 1.177069328133732631e-03
2.459512299541280139e+06 9.911282453512973989e-01 1.185909383123752523e-03
2.459512299633860122e+06 9.929959906746507192e-01 1.181706323123752614e-03
2.459512299726559781e+06 9.968050344411177877e-01 1.182670411197604644e-03
2.459512299819250125e+06 9.904552524740518615e-01 1.173880137255488851e-03
2.459512299911850132e+06 9.811399396267465045e-01 1.167289743612774612e-03
2.459512300004549790e+06 9.925817766796406483e-01 1.177906916267465161e-03
2.459512300097240135e+06 9.956380388772454459e-01 1.181944284960079932e-03
2.459512300189829897e+06 9.921391955998003498e-01 1.180671754530938054e-03
2.459512300282539800e+06 9.960965527375249540e-01 1.182226641487026022e-03
2.459512300375230145e+06 9.942775637614770234e-01 1.177129630668662542e-03
2.459512300467819907e+06 9.888330053323354241e-01 1.172265787574850414e-03
2.459512300560509786e+06 9.966485626616766735e-01 1.182562947085828448e-03
2.459512300653220154e+06 9.826856963053892668e-01 1.172902650958083850e-03
2.459512300745800138e+06 9.827187452255489175e-01 1.177303291337325345e-03
2.459512300838499796e+06 9.939209501157685311e-01 1.184665877455089817e-03
2.459512300931199919e+06 9.917305102704591091e-01 1.190165804920159795e-03
2.459512301023790147e+06 9.883780848662674368e-01 1.173990858153692611e-03
2.459512301116489805e+06 9.867555013093812777e-01 1.177365803123752493e-03
2.459512301209189929e+06 9.941576436247504533e-01 1.182142015948103690e-03
2.459512301301769912e+06 9.836660358173653362e-01 1.167578321447105758e-03
2.459512301394479815e+06 9.893580798532933818e-01 1.181218779730538971e-03
2.459512301487179939e+06 9.879353541596805899e-01 1.170994797235528750e-03
2.459512301579759922e+06 9.978267702934131567e-01 1.187859362015968078e-03
2.459512301672460046e+06 9.817462641996007600e-01 1.164729809700598652e-03
2.459512301765169948e+06 9.956907184281437173e-01 1.185050465608782425e-03
2.459512301857749932e+06 9.982706981137725588e-01 1.182242435489021812e-03
2.459512301950450055e+06 9.899057259341317305e-01 1.171975904780439169e-03
2.459512302043150179e+06 1.001240141936127648e+00 1.182369214980039801e-03
2.459512302135739941e+06 9.925154424760479488e-01 1.173922521836327391e-03
2.459512302228440065e+06 9.983069755389222255e-01 1.182678740518962063e-03
2.459512302321140189e+06 9.907928754570857199e-01 1.176799539341317341e-03
2.459512302413839847e+06 9.879757729750499040e-01 1.175869141596806505e-03
2.459512302506430075e+06 9.935388617694610458e-01 1.173841723742515041e-03
2.459512302599130198e+06 9.934935632005987838e-01 1.168508723902195743e-03
2.459512302691829856e+06 9.906833579930139910e-01 1.168865683662674701e-03
2.459512302784409840e+06 9.926943793013972561e-01 1.172519815578842214e-03
2.459512302877120208e+06 9.927231206776446770e-01 1.176001474520957987e-03
2.459512302969819866e+06 9.916628684750498079e-01 1.168486510209580794e-03
2.459512303062399849e+06 9.905914214101796400e-01 1.176503531956087653e-03
2.459512303155099973e+06 9.931158538483033649e-01 1.175342488443113656e-03
2.459512303247800097e+06 9.855051758752494395e-01 1.173977947764470947e-03
2.459512303340389859e+06 9.979526860598801896e-01 1.180822116966067899e-03
2.459512303433080204e+06 9.823928112664671586e-01 1.171379399251497051e-03
2.459512303525779862e+06 9.934727823053892681e-01 1.181027524980039767e-03
2.459512303618379869e+06 9.879863971726546845e-01 1.191854001007983848e-03
2.459512303711070213e+06 9.918785537175648370e-01 1.183003627315369318e-03
2.459512303803769872e+06 9.864522401257485029e-01 1.178434450499001940e-03
2.459512303896349855e+06 9.956310673193612404e-01 1.180567306916167599e-03
2.459512303989060223e+06 9.846390485908184109e-01 1.169417716017963956e-03
2.459512304081759881e+06 9.884303501896206656e-01 1.172931257195608664e-03
2.459512304174339864e+06 9.896108943403194580e-01 1.172868169760478982e-03
2.459512304267039988e+06 9.934458554401197627e-01 1.172424036047904064e-03
2.459512304359749891e+06 9.908561026187624465e-01 1.171732817345309255e-03
2.459512304452329874e+06 9.919082793652693741e-01 1.177000332734530995e-03
2.459512304545029998e+06 9.908100873992016222e-01 1.180364511457085821e-03
2.459512304637730122e+06 9.895701897105788625e-01 1.179218184081836252e-03
2.459512304730319884e+06 9.941183663493013967e-01 1.181106007025948092e-03
2.459512304823020007e+06 9.973775985489021778e-01 1.185454292884231473e-03
2.459512304915720131e+06 9.828545795299400423e-01 1.165514358333333365e-03
2.459512305008300114e+06 9.924837008453093468e-01 1.177860226157684785e-03
2.459512305101010017e+06 9.888890981736527808e-01 1.170607310269461106e-03
2.459512305193710141e+06 9.923969737475049069e-01 1.172986305179640667e-03
2.459512305286290124e+06 9.925082608383234417e-01 1.174540528522954094e-03
2.459512305378989782e+06 9.859493962874251727e-01 1.171866984570858359e-03
2.459512305471700151e+06 9.854854024680638203e-01 1.168325312035928135e-03
2.459512305564280134e+06 9.937175125029940048e-01 1.179756701506985868e-03
2.459512305656979792e+06 1.002586955349301423e+00 1.188433846726546974e-03
2.459512305749679916e+06 9.932597905858283616e-01 1.175655477405189659e-03
2.459512305842389818e+06 9.852731589331337192e-01 1.171427984620758466e-03
2.459512305934969801e+06 9.885105563073852686e-01 1.183185750788423194e-03
2.459512306027669925e+06 9.899435783043911696e-01 1.175578281856287481e-03
2.459512306120359804e+06 9.959274035658682855e-01 1.181744336736526881e-03
2.459512306212959811e+06 9.919503059700599534e-01 1.175026438053892227e-03
2.459512306305659935e+06 9.835815775518962356e-01 1.165448104021955898e-03
2.459512306398349814e+06 9.938129941736526529e-01 1.176051476317365330e-03
2.459512306490940042e+06 9.874905716846307246e-01 1.168466472155688628e-03
2.459512306583649945e+06 9.840819976347305875e-01 1.168404874950099625e-03
2.459512306676339824e+06 9.848692897804391944e-01 1.169317958742514861e-03
2.459512306768930051e+06 9.884005610788423324e-01 1.179054995389221478e-03
2.459512306861619931e+06 9.789743354191616787e-01 1.174824784830339267e-03
2.459512306954329833e+06 9.916697353063872455e-01 1.183466764361277386e-03
2.459512307046920061e+06 9.897618714371257953e-01 1.183236600598802516e-03
2.459512307139609940e+06 9.907156666487025864e-01 1.185438497255489202e-03
2.459512307232310064e+06 9.877669672634730169e-01 1.188336069820359253e-03
2.459512307324890047e+06 9.987233484730537736e-01 1.205235884940119694e-03
2.459512307417599950e+06 9.871373676397205976e-01 1.194959446137724632e-03
2.459512307510300074e+06 9.940739699241517568e-01 1.201200058233532720e-03
2.459512307602880057e+06 9.847545922624749704e-01 1.181070954890219623e-03
2.459512307695580181e+06 9.947835519870259491e-01 1.183923717415169725e-03
2.459512307788290083e+06 9.922326818323352615e-01 1.184569853692614763e-03
2.459512307880870067e+06 9.880544297415169153e-01 1.182887000149700652e-03
2.459512307973570190e+06 9.957278714211577064e-01 1.194835119750499008e-03
2.459512308066269848e+06 9.882459079481037412e-01 1.190342572964071853e-03
2.459512308158860076e+06 9.934230106227543988e-01 1.191889273023952200e-03
2.459512308251560200e+06 9.972230583732535347e-01 1.207370338303393256e-03
2.459512308344259858e+06 9.932352156936127274e-01 1.203727778303393227e-03
2.459512308436839841e+06 9.857314564920159894e-01 1.195347784830339422e-03
2.459512308529550210e+06 9.875548203522954704e-01 1.182463484840319285e-03
2.459512308622249868e+06 9.847153968642714528e-01 1.185283764431137830e-03
2.459512308714829851e+06 9.936417429900199494e-01 1.194158582764471080e-03
2.459512308807529975e+06 9.879844562804390717e-01 1.178603420109780369e-03
2.459512308900239877e+06 9.860728516836327895e-01 1.174438573602794257e-03
2.459512308992940001e+06 9.790394249560878670e-01 1.167823751676646832e-03
2.459512309085519984e+06 9.852213410429142559e-01 1.176494812754491030e-03
2.459512309178220108e+06 9.974113491047903457e-01 1.186237195728542890e-03
2.459512309270930011e+06 1.001940161217564906e+00 1.203102970728542852e-03
2.459512309363509994e+06 9.900933569201596507e-01 1.204739075199600913e-03
2.459512309456210118e+06 9.885658567774451289e-01 1.175348503832335332e-03
2.459512309548899997e+06 9.837743725489020985e-01 1.171845514800399059e-03
2.459512309641500004e+06 9.947654525499002309e-01 1.177056058902195513e-03
2.459512309734200127e+06 9.992101202095807766e-01 1.182361034720558939e-03
2.459512309826890007e+06 9.855680902175648628e-01 1.170426946876247350e-03
2.459512309919479769e+06 9.868927263453093346e-01 1.169577659999999951e-03
2.459512310012179893e+06 9.946501706716566193e-01 1.181702500538922129e-03
2.459512310104880016e+06 9.904885433802395056e-01 1.180801993592814347e-03
2.459512310197469778e+06 9.813178008652695405e-01 1.165507776017963952e-03
2.459512310290160123e+06 9.890389331726546773e-01 1.168911810678642613e-03
2.459512310382870026e+06 9.901954312305389916e-01 1.173475977435129792e-03
2.459512310475450009e+06 9.841962095798403309e-01 1.165859892305389292e-03
2.459512310568150133e+06 9.893987474660678183e-01 1.167455148972055797e-03
2.459512310660849791e+06 9.898975010359281068e-01 1.172103841287425001e-03
2.459512310753440019e+06 9.871608203143712457e-01 1.166407585339321448e-03
2.459512310846140143e+06 9.876487208792414929e-01 1.160106505479041811e-03
2.459512310938839801e+06 9.940768018133733230e-01 1.173786447694610780e-03
2.459512311031419784e+06 9.862562677974051617e-01 1.172233428772455214e-03
2.459512311124130152e+06 9.843593413952095306e-01 1.172889903872255347e-03
2.459512311216829810e+06 9.970717116157684634e-01 1.190241559311377246e-03
2.459512311309409793e+06 9.967995759780439169e-01 1.186720694111776568e-03
2.459512311402109917e+06 9.891895925239519993e-01 1.173895996327345382e-03
2.459512311494819820e+06 9.850914450009981005e-01 1.180109121826347337e-03
2.459512311587399803e+06 9.869636198323352705e-01 1.177907821157684774e-03
2.459512311680099927e+06 9.923821363532934203e-01 1.180223459411177712e-03
2.459512311772800051e+06 9.895640532395209021e-01 1.175476558063872192e-03
2.459512311865389813e+06 9.841738199251496289e-01 1.177440578872255552e-03
2.459512311958089937e+06 9.921871197295408784e-01 1.180383612345309351e-03
2.459512312050790060e+06 9.862015495838323265e-01 1.180797780788423205e-03
2.459512312143370043e+06 9.886908118642714349e-01 1.183919484051896079e-03
2.459512312236079946e+06 9.933580223313372981e-01 1.185200332794411138e-03
2.459512312328780070e+06 9.900651446407185974e-01 1.178738160748502972e-03
2.459512312421480194e+06 9.912123493672654329e-01 1.178448842435129811e-03
2.459512312514060177e+06 9.856487187714570997e-01 1.176108306536926195e-03
2.459512312606770080e+06 9.890619039371257859e-01 1.177456447964071989e-03
2.459512312699459959e+06 9.810331973992015842e-01 1.173493447774451044e-03
2.459512312792050187e+06 9.986103921457084587e-01 1.199722423702594782e-03
2.459512312884749845e+06 9.891679603093811446e-01 1.177854898113772468e-03
2.459512312977449968e+06 9.892787634251497542e-01 1.178199334401197488e-03
2.459512313070040196e+06 9.900904624401196674e-01 1.178910180598802433e-03
2.459512313162730075e+06 9.882306010499001259e-01 1.174233180159680581e-03
2.459512313255430199e+06 9.942426770149700443e-01 1.183747615878243554e-03
2.459512313348030206e+06 9.896994463013971677e-01 1.178556556566866254e-03
2.459512313440720085e+06 9.979726646536926093e-01 1.183494555628742447e-03
2.459512313533420209e+06 9.889859042624750129e-01 1.175513847694610679e-03
2.459512313626000192e+06 9.904749004920159194e-01 1.180013685269461123e-03
2.459512313718710095e+06 9.904957630808383096e-01 1.182930173073852348e-03
2.459512313811410218e+06 9.997797129241517977e-01 1.198508604401197532e-03
2.459512313903990202e+06 9.933452403582834211e-01 1.184327768882235433e-03
2.459512313996689860e+06 9.852814573393213760e-01 1.175605553353293448e-03
2.459512314089400228e+06 9.952252549381237490e-01 1.192535183193612833e-03
2.459512314181980211e+06 9.931278122584831225e-01 1.189760854720558862e-03
2.459512314274679869e+06 9.987118178542915281e-01 1.210233012514969975e-03
2.459512314367379993e+06 9.934760230139720871e-01 1.206903698303393247e-03
2.459512314459970221e+06 9.945878385069860661e-01 1.197559553033932184e-03
2.459512314552669879e+06 9.804214992255488870e-01 1.185058120029940099e-03
2.459512314645370003e+06 9.938378648632734125e-01 1.188125549261476958e-03
2.459512314737949986e+06 9.830537073882236188e-01 1.189488861167664786e-03
2.459512314830659889e+06 9.776023456826348212e-01 1.177118034201596851e-03
2.459512314923360012e+06 9.837508489131736589e-01 1.180939527225548799e-03
2.459512315015939996e+06 9.923162670548902886e-01 1.188919038672654575e-03
2.459512315108640119e+06 9.929696944720559637e-01 1.179839034121756653e-03
2.459512315201350022e+06 9.979624900259481679e-01 1.182049366207584776e-03
2.459512315293930005e+06 9.873695726926147165e-01 1.169682116866267545e-03
2.459512315386630129e+06 9.920645829231536927e-01 1.177046853223552960e-03
2.459512315479329787e+06 9.942060270848303016e-01 1.181905745499001962e-03
2.459512315571920015e+06 9.907808681806387074e-01 1.194046743922155688e-03
2.459512315664620139e+06 9.952072014081836393e-01 1.192335797045908320e-03
2.459512315757319797e+06 9.854966143532933875e-01 1.181504375628742408e-03
2.459512315850010142e+06 9.940549447674651429e-01 1.197524547175648699e-03
2.459512315942610148e+06 9.932075951097804056e-01 1.184442100928143841e-03
2.459512316035309806e+06 9.888565565898204124e-01 1.179725172564870120e-03
2.459512316128000151e+06 9.861187004560878488e-01 1.181946184101796433e-03
2.459512316220589913e+06 9.882524294131735942e-01 1.177673669171656629e-03
2.459512316313299816e+06 9.918772127455089960e-01 1.178810274131736379e-03
2.459512316405990161e+06 9.886692375928143317e-01 1.195092414810379217e-03
2.459512316498579923e+06 9.767067158293413209e-01 1.173090467694610801e-03
2.459512316591269802e+06 1.003157293722554799e+00 1.195584408483033826e-03
2.459512316683980171e+06 9.912052167724550999e-01 1.194421588013971913e-03
2.459512316776569933e+06 9.842355673752495315e-01 1.185825875019960078e-03
2.459512316869259812e+06 9.842497891317364411e-01 1.187185460449101696e-03
2.459512316961959936e+06 9.844494260778443584e-01 1.173712712564870322e-03
2.459512317054550163e+06 9.866355912554889418e-01 1.167623906407185648e-03
2.459512317147249822e+06 9.878866099800398537e-01 1.170368931307385349e-03
2.459512317239949945e+06 9.912845882335329373e-01 1.177451449391217530e-03
2.459512317332529929e+06 9.906824897804390462e-01 1.180908670019960131e-03
2.459512317425239831e+06 9.866010044780438859e-01 1.185048148542914258e-03
2.459512317517939955e+06 9.860120629730538822e-01 1.176423735858283387e-03
2.459512317610519938e+06 9.957663358802395503e-01 1.185524043303393072e-03
2.459512317703220062e+06 9.877162335319361608e-01 1.180049040459081686e-03
2.459512317795929965e+06 9.881070708243512302e-01 1.174127883932135673e-03
2.459512317888509948e+06 9.901056657465069355e-01 1.178656607315369149e-03
2.459512317981210072e+06 9.877643098473053440e-01 1.178218014231536930e-03
2.459512318073910195e+06 9.900335878033931225e-01 1.173482226357285343e-03
2.459512318166499957e+06 9.931791413602795160e-01 1.180174949520958151e-03
2.459512318259200081e+06 9.937438856846307900e-01 1.184649116227544808e-03
2.459512318351900205e+06 9.935603459910179458e-01 1.186648382564870190e-03
2.459512318444480188e+06 9.868459552475049579e-01 1.174615111786427068e-03
2.459512318537190091e+06 9.927771287624750363e-01 1.182258244740518917e-03
2.459512318629890215e+06 9.889179245459082113e-01 1.177781256876247410e-03
2.459512318722470198e+06 9.859692455768462871e-01 1.171649369061876196e-03
2.459512318815169856e+06 9.859324587145708030e-01 1.180718693073852304e-03
2.459512318907880224e+06 9.830074151876246891e-01 1.182820723273453074e-03
2.459512319000579882e+06 9.884337929630737651e-01 1.183615592784431191e-03
2.459512319093159866e+06 9.916699822165668810e-01 1.186879949630738470e-03
2.459512319185859989e+06 9.911295991307385034e-01 1.197912055548902262e-03
2.459512319278560113e+06 9.949998246147704339e-01 1.199094468163672701e-03
2.459512319371149875e+06 9.880287518722554729e-01 1.182934575538922145e-03
2.459512319463849999e+06 9.846179037724550609e-01 1.188609262844311397e-03
2.459512319556539878e+06 9.825846995568863207e-01 1.183626936586826446e-03
2.459512319649139885e+06 9.851977222994012795e-01 1.178530814780438980e-03
2.459512319741830230e+06 9.818195650888223991e-01 1.169388904381237588e-03
2.459512319834529888e+06 9.939337584011976867e-01 1.184276857924151591e-03
2.459512319927109871e+06 9.875140873483033710e-01 1.177958673143712645e-03
2.459512320019819774e+06 9.894862899520957544e-01 1.177434013962076059e-03
2.459512320112519898e+06 9.877565820239521122e-01 1.179896198153692613e-03
2.459512320205110125e+06 9.866930498443113873e-01 1.176866833812375201e-03
2.459512320297800004e+06 9.857284002824351354e-01 1.182399522564870275e-03
2.459512320390509907e+06 9.834808911806386389e-01 1.181905681397205608e-03
2.459512320483089890e+06 9.957312185608782062e-01 1.198116738532934182e-03
2.459512320575790014e+06 9.836490642355288916e-01 1.183100688173652692e-03
2.459512320668490138e+06 9.895421158273453033e-01 1.185700103652694536e-03
2.459512320761079900e+06 9.870414137175648195e-01 1.175852499391217415e-03
2.459512320853780024e+06 9.840336745209581348e-01 1.174185929281437073e-03
2.459512320946480148e+06 9.803439016227544212e-01 1.177942981976047966e-03
2.459512321039060131e+06 9.878749599760479061e-01 1.189376871497006090e-03
2.459512321131770033e+06 9.861238523892215113e-01 1.174515400598802502e-03
2.459512321224470157e+06 9.885461697894211142e-01 1.174853320638722613e-03
2.459512321317050140e+06 9.872578597235529552e-01 1.175893511097804390e-03
2.459512321409749798e+06 9.882984525049900437e-01 1.178643665868263574e-03
2.459512321502460167e+06 9.889559387035928850e-01 1.177319986606786524e-03
2.459512321595040150e+06 9.844764996337325158e-01 1.178366142794411197e-03
2.459512321687739808e+06 9.801296718902196003e-01 1.183433460778443190e-03
2.459512321780439932e+06 9.902987376646706918e-01 1.186485243393213497e-03
2.459512321873030160e+06 9.895487079121756402e-01 1.184898454071856271e-03
2.459512321965729818e+06 9.834669558283433144e-01 1.180441124550898196e-03
2.459512322058429942e+06 9.883460021127744577e-01 1.181669719750498993e-03
2.459512322151009925e+06 9.841497048463074826e-01 1.173668202914171683e-03
2.459512322243719827e+06 9.896876275119760313e-01 1.182756012055888274e-03
2.459512322336419951e+06 9.885576362475050338e-01 1.177444332964071826e-03
2.459512322429109830e+06 9.935353287644711484e-01 1.189157699191616645e-03
2.459512322521700058e+06 9.915537969990020351e-01 1.177607355429141633e-03
2.459512322614409961e+06 9.808165448413173060e-01 1.167984274540918160e-03
2.459512322707099840e+06 9.866882312574850600e-01 1.173217320289421123e-03
2.459512322799690068e+06 9.931721366137724605e-01 1.178037683952095748e-03
2.459512322892379947e+06 9.947570608972056139e-01 1.185749179820359172e-03
2.459512322985080071e+06 9.833033721706586627e-01 1.171351815718562738e-03
2.459512323077680077e+06 9.798822913303393278e-01 1.166718069550898209e-03
2.459512323170369957e+06 9.794630898183632750e-01 1.171997478982036035e-03
2.459512323263070080e+06 9.875593240229540992e-01 1.183001485598802419e-03
2.459512323355650064e+06 9.882547691536925916e-01 1.184913326017964039e-03
2.459512323448359966e+06 9.914583470489022332e-01 1.179151501826347431e-03
2.459512323541060090e+06 9.894731625319360679e-01 1.183461394520958021e-03
2.459512323633640073e+06 9.799494620928144162e-01 1.177893430958083841e-03
2.459512323726340197e+06 9.863718104321357316e-01 1.179592765788423266e-03
2.459512323819050100e+06 9.911034507035928476e-01 1.186059943293413157e-03
2.459512323911630083e+06 9.831485570109780303e-01 1.174422332634730577e-03
2.459512324004330207e+06 9.840060392095808517e-01 1.177275180968063864e-03
2.459512324097029865e+06 9.890779428822356056e-01 1.180087500688622743e-03
2.459512324189620093e+06 9.873001640159679848e-01 1.176755341097804330e-03
2.459512324282320216e+06 9.874866688542913717e-01 1.176409028233532921e-03
2.459512324375019874e+06 9.815360174451097652e-01 1.171944247734531090e-03
2.459512324467599858e+06 9.958833104640718581e-01 1.187658461986027848e-03
2.459512324560310226e+06 9.901968367465069365e-01 1.178370304071856434e-03
2.459512324653009884e+06 9.844428716866266971e-01 1.173726661556886248e-03
2.459512324745589867e+06 9.862465461297406089e-01 1.177273103752495042e-03
2.459512324838289991e+06 9.835422592375249184e-01 1.177614528033932122e-03
2.459512324930999894e+06 9.919158417195609312e-01 1.181606746576846327e-03
2.459512325023579877e+06 9.846500481127744564e-01 1.174299992534930288e-03
2.459512325116280001e+06 9.857854695958083724e-01 1.179248303572854283e-03
2.459512325208980124e+06 9.911368346397205764e-01 1.185776534241516841e-03
2.459512325301569887e+06 9.903573438063872914e-01 1.186047809660678749e-03
2.459512325394270010e+06 9.878533481157684148e-01 1.180113450059880201e-03
2.459512325486970134e+06 9.866216658433134556e-01 1.182014921616766521e-03
2.459512325579660013e+06 9.909741054391216775e-01 1.179123273343313499e-03
2.459512325672260020e+06 9.983686092415169355e-01 1.188608506536926188e-03
2.459512325764960144e+06 9.860831882115768110e-01 1.177261798253493013e-03
2.459512325857650023e+06 9.875391873952096278e-01 1.185418880139720585e-03
2.459512325950239785e+06 9.861278479371258232e-01 1.179813328363273463e-03
2.459512326042939909e+06 9.863778812025948417e-01 1.177340243932135802e-03
2.459512326135640033e+06 9.884502087984031737e-01 1.184364385528942137e-03
2.459512326228229795e+06 9.856326930119759799e-01 1.184358813133732594e-03
2.459512326320920140e+06 9.899794544401196994e-01 1.202383401247504851e-03
2.459512326413630042e+06 9.877769718143712963e-01 1.201090222584830268e-03
2.459512326506219804e+06 9.796747607534930236e-01 1.191386373183632658e-03
2.459512326598910149e+06 9.942134542375249406e-01 1.203780034590818272e-03
2.459512326691609807e+06 9.885467705518962145e-01 1.196622964351297435e-03
2.459512326784200035e+06 9.926134751736527262e-01 1.199514983722554853e-03
2.459512326876900159e+06 9.855919387445108981e-01 1.201529831666666749e-03
2.459512326969599817e+06 1.003377150069860280e+00 1.207145932934131603e-03
2.459512327062179800e+06 9.766666091876248235e-01 1.185583088602794408e-03
2.459512327154890168e+06 9.880389215988023555e-01 1.188564750928143695e-03
2.459512327247589827e+06 9.844070010089820411e-01 1.182252141726546904e-03
2.459512327340169810e+06 9.952839899031936666e-01 1.191627525219560776e-03
2.459512327432869934e+06 9.930494348493014156e-01 1.191190128722554925e-03
2.459512327525579836e+06 9.902715826936128174e-01 1.201811784750499070e-03
2.459512327618159819e+06 9.907281514121757393e-01 1.196541529161676684e-03
2.459512327710859943e+06 9.864046117974052397e-01 1.191478928253493106e-03
2.459512327803560067e+06 9.866755788892216383e-01 1.189055633842315282e-03
2.459512327896149829e+06 9.868110819690618651e-01 1.193645629600798485e-03
2.459512327988849953e+06 9.879910703602794442e-01 1.190469440508981928e-03
2.459512328081550077e+06 9.946901222095808626e-01 1.191100063982035873e-03
2.459512328174130060e+06 9.922686200059880335e-01 1.193360557495009872e-03
2.459512328266839962e+06 9.934043645888223084e-01 1.202235575419161604e-03
2.459512328359540086e+06 9.849105816277444747e-01 1.191318063443113848e-03
2.459512328452120069e+06 9.895588244081835461e-01 1.186938221187624869e-03
2.459512328544820193e+06 9.895957387345309941e-01 1.187717750469061920e-03
2.459512328637530096e+06 9.871261270598802318e-01 1.189362304221557032e-03
2.459512328730110079e+06 9.928625497305390013e-01 1.200403939510977973e-03
2.459512328822810203e+06 9.846769196516965694e-01 1.185138682085828433e-03
2.459512328915509861e+06 9.820372769081835429e-01 1.175803716067864296e-03
2.459512329008209985e+06 9.829082088423153341e-01 1.177659582994011961e-03
2.459512329100800212e+06 9.920182637035928064e-01 1.190036022814371271e-03
2.459512329193499871e+06 9.874045320039920304e-01 1.189294526007983943e-03
2.459512329286190215e+06 9.815279264910179435e-01 1.175508996197604898e-03
2.459512329378790222e+06 9.897607725389221400e-01 1.179131833742515061e-03
2.459512329471480101e+06 9.871946315279440665e-01 1.177322400069860230e-03
2.459512329564180225e+06 9.914043934471058472e-01 1.180427682215568928e-03
2.459512329656769987e+06 9.901259924321357264e-01 1.181265192385229411e-03
2.459512329749470111e+06 9.847625102475050518e-01 1.177395935059880137e-03
2.459512329842169769e+06 9.848388020169661639e-01 1.181223019580838378e-03
2.459512329934750218e+06 9.896883407964071067e-01 1.186435235788423082e-03
2.459512330027449876e+06 9.890939285459081631e-01 1.188054775848303374e-03
2.459512330120159779e+06 9.965421651876247289e-01 1.193117126596806221e-03
2.459512330212740228e+06 9.869602961616765757e-01 1.184441838552894059e-03
2.459512330305439886e+06 9.853213813962075074e-01 1.185468745608782466e-03
2.459512330398140009e+06 9.773358162624750101e-01 1.173466969141716710e-03
2.459512330490729772e+06 9.869208444401197378e-01 1.182851526716566801e-03
2.459512330583429895e+06 9.819172654880239381e-01 1.178159008812375112e-03
2.459512330676130019e+06 9.844414992514970431e-01 1.185815144251497035e-03
2.459512330768710002e+06 9.938146655888223657e-01 1.194641460079840303e-03
2.459512330861419905e+06 9.869259597075848989e-01 1.197997221427145624e-03
2.459512330954120029e+06 9.925086037315369314e-01 1.202620654870259530e-03
2.459512331046700012e+06 9.880029457135729443e-01 1.191089672265468980e-03
2.459512331139400136e+06 9.867617801976047431e-01 1.191817568083832326e-03
2.459512331232110038e+06 9.903705520778443017e-01 1.195651054091816361e-03
2.459512331324690022e+06 9.880650724331336843e-01 1.188264835459081764e-03
2.459512331417390145e+06 9.897447882524950113e-01 1.191812091227544826e-03
2.459512331510089803e+06 9.797557878213573046e-01 1.175712532744511030e-03
2.459512331602680031e+06 9.903519225439121332e-01 1.189517978203592742e-03
2.459512331695380155e+06 9.853064112684630782e-01 1.182024688183632745e-03
2.459512331788079813e+06 9.890391074161677398e-01 1.183812767554890321e-03
2.459512331880659796e+06 9.956705956726545903e-01 1.192816087694610876e-03
2.459512331973370165e+06 9.938056136926147754e-01 1.189781250578842396e-03
2.459512332066069823e+06 9.768251929570858083e-01 1.172742823393213693e-03
2.459512332158760168e+06 9.854773399820359048e-01 1.187327455119760412e-03
2.459512332251349930e+06 9.852536227185628714e-01 1.186325131816367293e-03
2.459512332344050054e+06 9.823438979940120053e-01 1.183379987554890322e-03
2.459512332436750177e+06 9.847531603453093529e-01 1.182390175578842224e-03
2.459512332529339939e+06 9.865914449900199390e-01 1.186866894041916200e-03
2.459512332622029819e+06 9.921018706487025884e-01 1.189700883143712589e-03
2.459512332714740187e+06 9.907812513083832373e-01 1.183817516676646765e-03
2.459512332807329949e+06 9.899894223872255372e-01 1.181162442854291573e-03
2.459512332900019828e+06 9.878590302714571614e-01 1.189981028433133780e-03
2.459512332992719952e+06 9.856761285469062273e-01 1.181788586027944076e-03
2.459512333085319959e+06 9.859224697085828826e-01 1.179597842944111758e-03
2.459512333178009838e+06 9.946633410758483063e-01 1.187932462175648714e-03
2.459512333270709962e+06 9.862608009071855975e-01 1.178789004830339219e-03
2.459512333363289945e+06 9.916942055508981557e-01 1.191156706966067791e-03
2.459512333455999848e+06 9.898473612714571157e-01 1.184401382165668759e-03
2.459512333548699971e+06 9.820388597455089741e-01 1.174692426666666808e-03
2.459512333641279954e+06 9.841693535958083716e-01 1.177714669760479126e-03
2.459512333733980078e+06 9.944401480209580368e-01 1.196826667834331465e-03
2.459512333826689981e+06 9.882906974211576046e-01 1.195861961996008129e-03
2.459512333919269964e+06 9.880427751207584430e-01 1.184132912864271437e-03
2.459512334011970088e+06 9.914392759161676505e-01 1.186427365289421205e-03
2.459512334104670212e+06 9.776200882235528411e-01 1.180519314181636753e-03
2.459512334197250195e+06 9.907606881047904546e-01 1.183164390219560878e-03
2.459512334289960098e+06 9.934914444261476740e-01 1.190234272275449015e-03
2.459512334382660221e+06 9.990677487824350944e-01 1.195573492634730440e-03
2.459512334475240204e+06 9.905996809830339700e-01 1.186305453562874236e-03
2.459512334567939863e+06 9.872834085928143821e-01 1.182591695658682550e-03
2.459512334660650231e+06 9.805623270429141281e-01 1.178953851117764537e-03
2.459512334753230214e+06 9.793663223832336229e-01 1.178453171287425312e-03
2.459512334845929872e+06 9.932886353972055771e-01 1.193275015508982054e-03
2.459512334938639775e+06 9.848463300748503402e-01 1.187361967105788523e-03
2.459512335031220224e+06 9.929107563033933159e-01 1.193948620349301456e-03
2.459512335123919882e+06 9.860386884231536753e-01 1.192830707554890304e-03
2.459512335216620006e+06 9.845576419281437675e-01 1.184785065508981968e-03
2.459512335309209768e+06 9.891447802105788334e-01 1.188198800489021975e-03
2.459512335401909892e+06 9.933114903612774160e-01 1.193719910179640627e-03
2.459512335494610015e+06 9.887467821497005760e-01 1.186685226077844419e-03
2.459512335587299895e+06 9.885751087774451440e-01 1.188215334900199430e-03
2.459512335679890122e+06 9.987735735528943115e-01 1.200411622385229695e-03
2.459512335772589780e+06 9.915923548512973751e-01 1.199597952455089787e-03
2.459512335865289904e+06 9.907175780019960021e-01 1.188236955628742438e-03
2.459512335957880132e+06 9.790395673892215989e-01 1.180458922195608620e-03
2.459512336050570011e+06 9.974903437145709040e-01 1.198860744780439087e-03
2.459512336143279914e+06 1.001025085558882255e+00 1.202466930259481117e-03
2.459512336235859897e+06 9.879269226686627769e-01 1.186631099960079767e-03
2.459512336328560021e+06 9.849388056986028150e-01 1.187510282514970096e-03
2.459512336421260145e+06 9.883918393353292586e-01 1.182974054890219588e-03
2.459512336513849907e+06 9.905896885838323396e-01 1.183447432335329444e-03
2.459512336606550030e+06 9.859149305359281579e-01 1.186579170359281475e-03
2.459512336699250154e+06 9.835793794121756584e-01 1.184639219341317379e-03
2.459512336791830137e+06 9.861549823752494559e-01 1.190802489121756472e-03
2.459512336884540040e+06 9.860484284071856509e-01 1.178768623992016004e-03
2.459512336977240164e+06 9.907682308293412898e-01 1.189215471836327365e-03
2.459512337069820147e+06 9.958873612974051825e-01 1.199547944700598808e-03
2.459512337162519805e+06 9.862087949121756125e-01 1.180584995548902144e-03
2.459512337255230173e+06 9.833720254500997182e-01 1.180357307355289374e-03
2.459512337347810157e+06 9.935599903502994046e-01 1.194978470928143672e-03
2.459512337440509815e+06 9.964043611806386869e-01 1.184598390838323325e-03
2.459512337533209939e+06 9.919075246916166932e-01 1.190372260978043951e-03
2.459512337625800166e+06 9.946085685169661073e-01 1.196313429540918089e-03
2.459512337718499824e+06 9.969453848193612355e-01 1.189556619321357252e-03
2.459512337811199948e+06 9.902236330179640111e-01 1.192619949131736544e-03
2.459512337903779931e+06 9.950668829301396734e-01 1.192900940269461026e-03
2.459512337996489834e+06 9.933697170409182542e-01 1.197243641836327321e-03
2.459512338089189958e+06 9.928052737025947483e-01 1.188749506477046079e-03
2.459512338181769941e+06 9.914290793183632156e-01 1.187405596676646777e-03
2.459512338274470065e+06 9.882783109840319602e-01 1.193455805429141734e-03
2.459512338367179967e+06 9.794182974500998951e-01 1.173462640988023843e-03
2.459512338459759951e+06 9.806489079131737174e-01 1.180011719510978049e-03
2.459512338552460074e+06 9.886796558502993770e-01 1.188430725578842320e-03
2.459512338645160198e+06 9.857703148373253565e-01 1.183491165059880317e-03
2.459512338737749960e+06 9.925230037984031917e-01 1.190927555588822389e-03
2.459512338830450084e+06 9.963089126836326415e-01 1.196585560119760479e-03
2.459512338923139963e+06 9.947025951796407695e-01 1.191102625768463178e-03
2.459512339015840087e+06 9.902648649680638737e-01 1.188344086027944132e-03
2.459512339108440094e+06 9.871542540738522664e-01 1.185043954999999861e-03
2.459512339201129973e+06 9.977716874281437054e-01 1.200661794001995882e-03
2.459512339293830097e+06 9.832201648383234183e-01 1.182473929061876334e-03
2.459512339386419859e+06 9.938223590528942886e-01 1.196220464481037842e-03
2.459512339479119983e+06 9.805183714600798073e-01 1.181659087315369179e-03
2.459512339571820106e+06 9.906674083173652168e-01 1.200646107205588682e-03
2.459512339664400090e+06 9.832285163752495505e-01 1.184200588922155670e-03
2.459512339757100213e+06 9.852742132854291901e-01 1.190956161207584784e-03
2.459512339849810116e+06 9.903205919191616635e-01 1.195718989740519054e-03
2.459512339942390099e+06 9.862035006137723769e-01 1.182345863353293381e-03
2.459512340035090223e+06 9.929186701097805212e-01 1.192907665898203544e-03
2.459512340127789881e+06 9.886619251307384726e-01 1.194906145938123701e-03
2.459512340220380109e+06 9.820058477534929775e-01 1.185908121147704556e-03
2.459512340313080233e+06 9.917123302724550893e-01 1.191851317734531025e-03
2.459512340405779891e+06 9.934538893363273893e-01 1.187477237145708603e-03
2.459512340498359874e+06 9.841973383932135500e-01 1.178759623373253551e-03
2.459512340591069777e+06 9.873599347534929294e-01 1.187677526766467082e-03
