2458354.3681050846 0.001770165260260725    0.000917
2458354.3889790056 0.0010060471634535143   0.000917
2458354.4097918905 0.0005909038180990248   0.000917
2458354.4306047750 0.0007480568039194727   0.000917
2458354.4514786960 0.0013777101213817543   0.000917
2458354.4722915799 5.602554193651782e-05   0.000917
2458354.4931044634 -0.00019007260831678416 0.000917
2458354.5139783826 -0.00021779835037652855 0.000917
2458354.5347912642 0.0010545061925473897   0.000917
2458354.5556041449 0.0002939412275249492   0.000917
2458354.5764780608 0.0017043030917290054   0.000917
2458354.5972909387 0.0016097410101596505   0.000917
2458354.6181038157 0.0004608842727326894   0.000917
2458354.6389777274 0.0012316618635205574   0.000917
2458354.6597906016 0.0012036484893273064   0.000917
2458354.6806034739 -0.00022275481046289181 0.000917
2458354.7014773814 0.0003090249507198081   0.000917
2458354.7222902509 0.0019035358424118582   0.000917
2458354.7431031195 0.00023238573341502993  0.000917
2458354.7639770233 0.0018330242774968345   0.000917
2458354.7847898891 0.0007243993122833282   0.000917
2458354.8056027549 0.0007959820186335167   0.000917
2458354.8264766554 -0.0004406122123904377  0.000917
2458354.8472895194 -0.000491708083762218   0.000917
2458354.8681023829 0.0008242703487317172   0.000917
2458354.8889762824 -0.0009818834201314162  0.000917
2458354.9097891464 0.000507334259237857    0.000917
2458354.9514759099 0.0002733657993346302   0.000917
2458354.9722887748 -0.0012564300040035555  0.000917
2458354.9931016401 0.0007207338204358737   0.000917
2458355.0139755430 -0.0009432269356143357  0.000917
2458355.0347884106 -0.00017485238902139748 0.000917
2458355.0556012793 0.0008267796967984808   0.000917
2458355.0764751858 0.0004088019663250483   0.000917
2458355.0972880577 0.0008578255872636479   0.000917
2458355.1181009309 -2.7866628302700375e-06 0.000917
2458355.1389748417 -0.000948019224831559   0.000917
2458355.1597877182 0.0007107430257982031   0.000917
2458355.1806005966 -0.0008265771695574729  0.000917
2458355.2014745125 0.0007393544020330432   0.000917
2458355.2222873936 0.001441624089475879    0.000917
2458355.2431002767 -9.674660376186796e-07  0.000917
2458355.2639741972 -0.0002760835220746084  0.000917
2458355.2847870826 0.00041068313343909697  0.000917
2458355.3055999693 -0.000854813482409889   0.000917
2458355.3473478169 -0.0006174959750691294  0.000917
2458355.3681607060 0.00034722105041957123  0.000917
2458355.4098475212 -0.0006111321590397482  0.000917
2458355.4306604103 -0.0010707766562856257  0.000917
2458355.4514732994 0.000678127465883174    0.000917
2458355.4723472246 -0.0005315609070710666  0.000917
2458355.4931601128 0.001178260679369388    0.000917
2458355.5139730000 -0.00021274752994399483 0.000917
2458355.5348469228 8.235719070033712e-05   0.000917
2458355.5556598082 -0.0010885722706826433  0.000917
2458355.5764726922 -0.0009028856790513621  0.000917
2458355.5973466113 -0.0007458786276518874  0.000917
2458355.6181594930 -0.0003539229373355232  0.000917
2458355.6389723732 -0.0                    0.000917
2458355.6598462882 -0.0004487689504785905  0.000917
2458355.6806591651 -0.0011714522372055591  0.000917
2458355.7014720412 9.553880846986546e-05   0.000917
2458355.7223459519 0.001577305779124869    0.000917
2458355.7639716971 -0.0009502057547792215  0.000917
2458355.7848456041 -0.0005204238836297103  0.000917
2458355.8056584741 -0.0018337156786803342  0.000917
2458355.8264713436 -0.0011702506606759324  0.000917
2458355.8473452488 -3.277482654797901e-05  0.000917
2458355.8681581169 -0.0018128090616933296  0.000917
2458355.8889709855 -0.0010198482348649973  0.000917
2458355.9098448898 -0.0024044713457123607  0.000917
2458355.9306577584 0.00042504304878625135  0.000917
2458355.9514706270 -4.7142793565102476e-05 0.000917
2458355.9723445326 0.0013657374001158917   0.000917
2458355.9931574031 -0.0005889974327667991  0.000917
2458356.0139702745 -0.0005014058384457593  0.000917
2458356.0348441829 0.00014773568748702916  0.000917
2458356.0556570562 -0.0007875547953480846  0.000917
2458356.0764699313 -0.0009672778687759045  0.000917
2458356.1389696016 -0.0004529992370777358  0.000917
2458356.1598435193 0.0003740256777303979   0.000917
2458356.2848429107 0.0006646569621311892   0.000917
2458356.3056558017 -0.0008856048054982454  0.000917
2458356.3473426225 -0.0006503601234741765  0.000917
2458356.3681555153 0.00022061023564897683  0.000917
2458356.3889684090 -0.0009706013540637628  0.000917
2458356.4098423384 -0.001367072002820823   0.000917
2458356.4306552322 -0.000908610932959502   0.000917
2458356.4514681255 -0.000764894144013874   0.000917
2458356.4723420544 -0.0007338906566335169  0.000917
2458356.4931549462 0.0009161697170324031   0.000917
2458356.5139678377 0.00040056358124176245  0.000917
2458356.5348417643 0.0010852322859109232   0.000917
2458356.5556546533 0.0014522073416575127   0.000917
2458356.5764675415 -0.0003790597034763641  0.000917
2458356.5973414639 0.0009283612737188259   0.000917
2458356.6181543493 0.0003490236775669814   0.000917
2458356.6598411514 0.0013424438914440093   0.000917
2458356.6806540326 -0.0004462205094548624  0.000917
2458356.7014669119 -0.0010787319386243925  0.000917
2458356.7223408259 0.0003651404963969581   0.000917
2458356.7431537029 7.670012568497674e-05   0.000917
2458356.7639665785 9.63052323136888e-05    0.000917
2458356.7848404888 0.0006101782810532558   0.000917
2458356.8056533625 -0.0011353609538926304  0.000917
2458356.8264662358 0.0008204312025030963   0.000917
2458356.8473401438 3.551267443995614e-05   0.000917
2458356.8681530156 -0.0007291176888144174  0.000917
2458356.8889658875 -4.209457230378805e-05  0.000917
2458356.9098397954 0.0006638531200159395   0.000917
2458356.9514655401 0.0006170975931949842   0.000917
2458356.9723394485 0.000201064204641575    0.000917
2458356.9931523227 -0.0006615568766534124  0.000917
2458357.0139651974 0.0017553336792048286   0.000917
2458357.0348391095 0.000512983630854017    0.000917
2458357.0556519865 -0.001083435753655642   0.000917
2458357.0764648649 0.00031635536599535397  0.000917
2458357.0973387812 -0.00028915153594801185 0.000917
2458357.1181516624 -0.00013271135729244003 0.000917
2458357.1389645454 0.0022039081894133245   0.000917
2458357.1598384660 -0.0007823255631106105  0.000917
2458357.1806513527 -0.0014331374722377011  0.000917
2458357.2014642404 -0.0011885026786960602  0.000917
2458357.2223381656 0.0013399523294119196   0.000917
2458357.2431510566 0.0001515437783105958   0.000917
2458357.2639639485 0.0002731822629650185   0.000917
2458357.2848378774 -0.0009496464631922354  0.000917
2458357.3264636667 0.0015233626472602947   0.000917
2458357.3473375984 8.342756653688328e-05   0.000917
2458357.3681504950 -0.0009057257653157163  0.000917
2458357.3889633864 0.0015023558121888224   0.000917
2458357.4098373190 -0.0016376683176111398  0.000917
2458357.4307112517 -1.1426682116544184e-05 0.000917
2458357.4515241478 0.0008278986471316552   0.000917
2458357.4723370434 -0.000993498966968374   0.000917
2458357.4932109741 0.0022832765482865593   0.000917
2458357.5140238684 -0.0001340810098317066  0.000917
2458357.5348367612 -0.0005477779387110353  0.000917
2458357.5973364688 0.0008377171864847636   0.000917
2458357.6182103930 0.00020570133019927052  0.000917
2458357.6390232793 0.00021512652397433647  0.000917
2458357.6598361642 -0.00047951968618664296 0.000917
2458357.7015229654 0.0003552524288132382   0.000917
2458357.7223358462 -0.0007649699043388075  0.000917
2458357.7432097611 -0.00015175326373519194 0.000917
2458357.7640226395 -0.000820741404644084   0.000917
2458357.7848355165 0.000648345101054803    0.000917
2458357.8057094286 0.00013620129434821843  0.000917
2458357.8265223037 0.0004295271788986847   0.000917
2458357.8473351784 0.0004821148118211045   0.000917
2458357.8682090892 0.0002347532940042061   0.000917
2458357.8890219633 -0.0015993064036931288  0.000917
2458357.9098348375 -0.0009944943987430714  0.000917
2458357.9307087483 -4.1184581379138046e-05 0.000917
2458357.9515216229 0.0009443860619268427   0.000917
2458357.9723344985 0.0003162605362060309   0.000917
2458357.9932084111 0.0007828652725018205   0.000917
2458358.0557080824 -0.00034421552798300875 0.000917
2458358.0765209636 0.00021304890373663368  0.000917
2458358.0973338461 -0.0011189174503693296  0.000917
2458358.1182077662 8.22022641206094e-05    0.000917
2458358.1390206520 -0.000451975241814647   0.000917
2458358.1598335393 9.110359639239415e-05   0.000917
2458358.1807074640 9.063294696883486e-05   0.000917
2458358.2015203545 -0.001135437562245703   0.000917
2458358.2223332459 -0.0007880263718659146  0.000917
2458358.2432071753 -0.0006982864746860739  0.000917
2458358.2640200695 -7.311581477254088e-06  0.000917
2458358.2848329651 -0.0013346198215029147  0.000917
2458358.3057068978 0.0006346811069602948   0.000917
2458358.3265197952 0.0002765291388955326   0.000917
2458358.3473326932 -3.786234582875263e-05  0.000917
2458358.3682066277 -0.0008931733925166758  0.000917
2458358.3890195265 -6.205323091680994e-05  0.000917
2458358.4098324249 -0.00034062528244309647 0.000917
2458358.4307063594 -0.0016224827757030636  0.000917
2458358.4515192579 -0.0005224705249236176  0.000917
2458358.4723321553 -0.00012437080000900992 0.000917
2458358.4932060884 0.0012125561787164185   0.000917
2458358.5140189840 0.0008242080734636515   0.000917
2458358.5348318792 0.0006886272994258037   0.000917
2458358.5557058090 0.0006107179451454572   0.000917
2458358.5765187019 0.0002736072662888041   0.000917
2458358.5973315928 0.0022407201251361435   0.000917
2458358.6182055185 -0.0009291783383811036  0.000917
2458358.6390184066 0.0014979785124277602   0.000917
2458358.6598312934 -0.0009874981566440533  0.000917
2458358.6807052144 0.00010585137756105984  0.000917
2458358.7015180984 -0.00030852555926147283 0.000917
2458358.8473303244 -0.0007445915213661756  0.000917
2458358.8890171130 -0.0008514995643022366  0.000917
2458358.9098299891 -0.00011980733660473826 0.000917
2458358.9307039017 0.0003330954817323715   0.000917
2458358.9515167787 -0.00022536963571059327 0.000917
2458358.9723296561 -0.0009324630530191742  0.000917
2458358.9932035701 0.0007525073580341441   0.000917
2458359.0140164499 -0.0002862822377230858  0.000917
2458359.0348293302 -0.00039667093824320184 0.000917
2458359.0557032479 -0.001764649199456242   0.000917
2458359.0765161309 -0.002149163948319676   0.000917
2458359.0973290154 0.00020812573537599337  0.000917
2458359.1182029378 7.912004698558587e-05   0.000917
2458359.1598287146 0.0011206732316967213   0.000917
2458359.1807026411 -0.0014676382506925963  0.000917
2458359.2015155335 0.0005561113957671381   0.000917
2458359.2223284272 0.0009974766225832965   0.000917
2458359.2432023585 0.0006233315769939459   0.000917
2458359.2640152546 -0.0007332696841408286  0.000917
2458359.2848281520 -0.0004441531981368995  0.000917
2458359.3057020865 0.0020959355235429197   0.000917
2458359.3473278857 0.0013319062826375005   0.000917
2458359.3682018216 -0.0007976264609768932  0.000917
2458359.3890147218 0.0008726588400106391   0.000917
2458359.4098276226 -0.002248453806596626   0.000917
2458359.4307015589 -0.0005320794331537949  0.000917
2458359.4515144587 0.0008149526858132286   0.000917
2458359.4723273576 -0.0009577856520332601  0.000917
2458359.4932012921 -0.0001494306055658431  0.000917
2458359.5140141901 0.0009517048560266489   0.000917
2458359.5348270866 0.000798250826453653    0.000917
2458359.5557010174 0.0007941545265738552   0.000917
2458359.5765139116 -0.0003035104794333367  0.000917
2458359.5973268040 0.0005916773388534325   0.000917
2458359.6182007315 -0.001313327542175142   0.000917
2458359.6390136210 0.000561447510824928    0.000917
2458359.6598265092 -0.0008059155576697441  0.000917
2458359.6807004316 0.0005591304176840046   0.000917
2458359.7015133169 7.820677262499583e-06   0.000917
2458359.7223262005 -0.00216984555377412    0.000917
2458359.7432001191 0.001456478960656094    0.000917
2458359.7640740364 -0.0005813610976527516  0.000917
2458359.7848869166 0.0012313766095722457   0.000917
2458359.8056997960 0.00016047120035636833  0.000917
2458359.8265737109 0.0007781653764816814   0.000917
2458359.8473865888 -0.0018978474275462716  0.000917
2458359.8681994667 0.0005495150986193398   0.000917
2458359.8890733803 0.0003646091410546106   0.000917
2458359.9098862582 0.0005982928639497089   0.000917
2458359.9306991361 0.0011364259605816528   0.000917
2458359.9515730506 0.0008914809048880542   0.000917
2458359.9723859299 0.0009130110107809405   0.000917
2458359.9931988101 0.0009669148053075678   0.000917
2458360.0140727269 -0.0007517728703585664  0.000917
2458360.0348856091 0.0013500756002281233   0.000917
2458360.0556984926 -0.0016533044315820851  0.000917
2458360.0765724131 4.915451336961277e-05   0.000917
2458360.0973852994 -0.0003516017735473063  0.000917
2458360.1181981871 -0.001832904101480293   0.000917
2458360.1390721123 0.0001154817236105108   0.000917
2458360.1598850032 -0.0007081656358254717  0.000917
2458360.1806978956 -0.0005073421152262288  0.000917
2458360.2015718254 0.0014084284708218602   0.000917
2458360.2223847210 -0.000234330892504668   0.000917
2458360.2431976176 0.0008517909985334387   0.000917
2458360.2640715516 -0.0005729968886731874  0.000917
2458360.2848844510 0.00046762041761068396  0.000917
2458360.3056973508 -0.0005754755489172249  0.000917
2458360.3265712871 0.000350475238258331    0.000917
2458360.3473841888 -7.820620929707126e-06  0.000917
2458360.3890710277 0.0006644843305423961   0.000917
2458360.4306968316 0.0015334280037485571   0.000917
2458360.4515707684 -0.0008050652142571596  0.000917
2458360.4723836691 -0.0007302960814938812  0.000917
2458360.4931965689 6.672317759305779e-05   0.000917
2458360.5140705034 -0.0012808456860652904  0.000917
2458360.5348834014 0.0008547952463947289   0.000917
2458360.5556962979 -0.001619080835576667   0.000917
2458360.5765702287 0.00013926210766932118  0.000917
2458360.5973831224 0.00032473557555623287  0.000917
2458360.6181960148 -0.0013401145427249517  0.000917
2458360.6390699414 -0.00244259650794008    0.000917
2458360.6598828272 0.0010606371978156852   0.000917
2458360.6806957154 0.001048266531440542    0.000917
2458360.7015696373 -0.0011650559973003004  0.000917
2458360.7223825222 -1.7607519735693244e-05 0.000917
2458360.7431954062 -0.0003377563701473747  0.000917
2458360.7640693244 0.0006058252190917503   0.000917
2458360.7848822060 -0.0017026495965710322  0.000917
2458360.8056950867 -0.0016974884181914073  0.000917
2458360.8265690026 0.0011173506771243072   0.000917
2458360.8473818819 -0.0011473499187203788  0.000917
2458360.8681947612 0.0003256325865339435   0.000917
2458360.8890686757 -0.0007559305046760226  0.000917
2458360.9098815550 -0.00065381859768127    0.000917
2458360.9306944348 -0.0016858661873936302  0.000917
2458360.9515683502 8.399491929674415e-05   0.000917
2458360.9723812309 0.0009507673741815477   0.000917
2458360.9931941121 -0.0006622502787830362  0.000917
2458361.0348809143 -0.0006131446141604653  0.000917
2458361.2223800393 -0.0012856173708497092  0.000917
2458361.2431929372 -0.0004567589219418375  0.000917
2458361.2640668727 0.0005097546503772165   0.000917
2458361.2848797729 0.0011129727318287084   0.000917
2458361.3056926741 8.396253031125082e-05   0.000917
2458361.3265666119 -0.0016580679279244812  0.000917
2458361.3473795149 -0.0020911021473034408  0.000917
2458361.3681924175 -0.0007808987412966308  0.000917
2458361.3890663562 7.644030008671952e-05   0.000917
2458361.4098792598 -0.0007507202694431726  0.000917
2458361.4306921624 0.00028162260868284624  0.000917
2458361.4515661006 3.4572251336575725e-05  0.000917
2458361.4723790023 0.0007151681196364522   0.000917
2458361.4931919030 -0.0009690270296729674  0.000917
2458361.5140658389 -0.0                    0.000917
2458361.6181913554 -0.0013195560758011537  0.000917
2458361.6598781729 0.0004438071466010704   0.000917
2458361.6806910615 -0.00031728798487356825 0.000917
2458361.7015649849 0.00048386067318916237  0.000917
2458361.7223778707 0.0008015318781203096   0.000917
2458361.7431907556 0.000620700455213804    0.000917
2458361.7640646752 -0.0014791723708422932  0.000917
2458361.7848775573 0.0005580771746708551   0.000917
2458361.8056904390 -1.8298254517193105e-05 0.000917
2458361.8265643558 -0.00037152181894204843 0.000917
2458361.8473772365 -0.0010707732089322009  0.000917
2458361.8681901167 -0.0006555370978514998  0.000917
2458361.8890640326 0.0007168806788144794   0.000917
2458361.9098769133 0.0011806921916694888   0.000917
2458361.9306897940 0.0001756242476698689   0.000917
2458361.9515637108 0.0004916840571571675   0.000917
2458361.9723765925 -0.00112287620407865    0.000917
2458361.9931894750 0.0005054836794733902   0.000917
2458362.0140633946 -0.00022111120028842941 0.000917
2458362.0348762795 -3.719166735866608e-05  0.000917
2458362.0556891654 0.00039116277362565005  0.000917
2458362.0765630892 -0.0009328158156264733  0.000917
2458362.0973759778 -0.0007864449735810251  0.000917
2458362.1181888683 -0.0003872111188116201  0.000917
2458362.1390627963 0.001047849785156803    0.000917
2458362.1598756900 -0.0002804846922088112  0.000917
2458362.1806885856 -6.940870783077012e-05  0.000917
2458362.2015625178 0.000556586062646999    0.000917
2458362.2223754157 0.0005433818012739233   0.000917
2458362.2431883155 0.00021564656949906092  0.000917
2458362.2640622514 -0.001149030506279233   0.000917
2458362.2848751531 0.001001706808862224    0.000917
2458362.3056880557 -0.0019921091958593263  0.000917
2458362.3265619944 -0.000401554027679581   0.000917
2458362.3473748984 3.705786687777335e-05   0.000917
2458362.3681878024 0.000914616128846534    0.000917
2458362.3890617425 0.0006009051255754191   0.000917
2458362.4098746465 -0.0016151294665228588  0.000917
2458362.4306875500 8.083166164378854e-05   0.000917
2458362.4515614891 -0.0005091860190371789  0.000917
2458362.4724354274 -9.422536821931627e-05  0.000917
2458362.4932483290 0.0002957358352206289   0.000917
2458362.5140612302 0.0004230169831300504   0.000917
2458362.5349351657 0.0009514842035506611   0.000917
2458362.5557480641 -0.0011033518522935441  0.000917
2458362.5765609611 -0.0008984993124916999  0.000917
2458362.5974348923 0.0006478170992163747   0.000917
2458362.6182477865 0.0002561371031993226   0.000917
2458362.6390606789 0.00011675496131244145  0.000917
2458362.6599346059 -0.00041706345103051054 0.000917
2458362.6807474955 -0.001895055783091878   0.000917
2458362.7015603837 -0.0007788780340109756  0.000917
2458362.7224343061 -0.000835831265495062   0.000917
2458362.7432471919 -0.00044392968628165425 0.000917
2458362.7640600763 -0.0012584368662368398  0.000917
2458362.7849339955 0.000864085804240291    0.000917
2458362.8057468780 0.0009361565320003955   0.000917
2458362.8265597601 -1.0244737736873456e-05 0.000917
2458362.8474336769 0.0016936292302578355   0.000917
2458362.8890594398 0.00027253475260293164  0.000917
2458362.9307462382 0.0008450337903540461   0.000917
2458362.9724330390 -0.0006066348044178237  0.000917
2458362.9932459230 -0.0008171791621776653  0.000917
2458363.0140588074 -0.0005931790930810413  0.000917
2458363.0349327293 0.0001071351520947437   0.000917
2458363.0557456166 9.744177576213075e-05   0.000917
2458363.0765585052 -0.0007084948321394064  0.000917
2458363.0974324313 -0.0001682856844601877  0.000917
2458363.1182453232 0.0006415295375718695   0.000917
2458363.1390582160 0.0008442406315295882   0.000917
2458363.1599321468 0.00017064687322361892  0.000917
2458363.1807450433 0.0004606898599304602   0.000917
2458363.2015579408 -0.0007565401019133945  0.000917
2458363.2224318758 0.00026045607990444184  0.000917
2458363.2432447760 0.0012161837106866484   0.000917
2458363.2640576777 -0.0009055595676083357  0.000917
2458363.2849316164 0.0009025318988811403   0.000917
2458363.3057445199 -0.000506161691741714   0.000917
2458363.3265574239 -0.0002567718700506184  0.000917
2458363.3474313640 0.0009316872895251827   0.000917
2458363.3682442689 -0.00019728532766677843 0.000917
2458363.3890571743 0.0013248077489893327   0.000917
2458363.4099311149 -0.0011299824113846309  0.000917
2458363.4307440193 -0.00015464775988592848 0.000917
2458363.4515569238 0.0002322964200853896   0.000917
2458363.4724308630 -0.0013130572149040072  0.000917
2458363.4932437651 0.0007547153962198563   0.000917
2458363.5140566668 0.0005527393506595881   0.000917
2458363.5349306026 -0.00021587071990073338 0.000917
2458363.5557435020 -0.0011512648837714247  0.000917
2458363.5765563999 -0.0022847613551292352  0.000917
2458363.5974303316 -0.0                    0.000917
2458363.6182432263 0.0010300032310875578   0.000917
2458363.7224297491 0.0006085339367477766   0.000917
2458363.7640555203 -0.0007766304986481791  0.000917
2458363.7849294404 -0.00026151082549978665 0.000917
2458363.8057423239 -0.000932793383087837   0.000917
2458363.8474291242 -0.0007996404556528782  0.000917
2458363.8682420063 -0.0005862689597275394  0.000917
2458363.8890548884 4.7478275301091396e-06  0.000917
2458363.9099288038 0.0004408419877327582   0.000917
2458363.9307416864 -0.0014912513433413077  0.000917
2458363.9515545694 0.00044836465616864007  0.000917
2458363.9724284890 0.0006214812784259265   0.000917
2458363.9932413734 -0.00015390995736250154 0.000917
2458364.0140542593 -0.0002297101504117095  0.000917
2458364.0349281817 -0.00041793761433757366 0.000917
2458364.0765539594 0.0005478273823271702   0.000917
2458364.0974278864 0.001430800537310871    0.000917
2458364.1182407788 0.00012141101434597136  0.000917
2458364.1599276043 0.0008031865402673428   0.000917
2458364.1807405017 0.0022206735298283525   0.000917
2458364.2015534001 -0.0007489780999660044  0.000917
2458364.2224273360 -0.0013881994665449573  0.000917
2458364.2432402372 -0.0006791840948253829  0.000917
2458364.2640531398 0.0005642739069748917   0.000917
2458364.2849270785 4.144048745639714e-05   0.000917
2458364.3057399830 0.0009009055496194565   0.000917
2458364.3265528879 0.0013130808696234476   0.000917
2458364.3474268285 -0.0005300318137133537  0.000917
2458364.3682397343 -0.0002111257558132187  0.000917
2458364.3890526397 0.0016445125975030602   0.000917
2458364.4307394861 0.0008713209050548946   0.000917
2458364.4515523911 -0.0006607176096083514  0.000917
2458364.4724263307 0.0017466855687136968   0.000917
2458364.4932392333 -5.2789904250863666e-05 0.000917
2458364.5140521354 -0.0003573277723351202  0.000917
2458364.5349260718 -0.0009762937846700465  0.000917
2458364.5557389711 -0.0007508387820712055  0.000917
2458364.5765518690 0.00033984049678518433  0.000917
2458364.5974258012 0.0007240788056326909   0.000917
2458364.6182386964 -0.00034038856516185846 0.000917
2458364.6390515901 0.0007855547898864152   0.000917
2458364.6599255176 -0.001664488198285385   0.000917
2458364.6807384081 -0.0004957039371868288  0.000917
2458364.7015512972 7.334934188019148e-05   0.000917
2458364.7224252205 -0.0002578485505723361  0.000917
2458364.7432381068 0.0017872216120323626   0.000917
2458364.7640509922 0.0003324494025776885   0.000917
2458364.7849249123 -0.0013089537580888298  0.000917
2458364.8057377958 -0.0008348594827930627  0.000917
2458364.8265506788 -0.0005829757984883661  0.000917
2458364.8474245970 -0.0020219895763351915  0.000917
2458364.8682374796 -0.00020569878963391396 0.000917
2458364.8890503617 7.422021951840972e-05   0.000917
2458364.9099242794 0.0005254703727893055   0.000917
2458364.9307371625 -1.9718768053338654e-06 0.000917
2458364.9515500455 0.0014110353597482118   0.000917
2458364.9724239656 0.0009276619433596641   0.000917
2458364.9932368505 -0.0006395078856443419  0.000917
2458365.0140497368 -5.323467345686449e-05  0.000917
2458365.0349236592 -0.001288811964100879   0.000917
2458365.0557365478 0.002085895999123671    0.000917
2458365.0765494378 0.0008308909556571795   0.000917
2458365.0974233649 -0.0010729327274729315  0.000917
2458365.1182362577 0.0002286807934592731   0.000917
2458365.1390491524 -0.0005759540417750452  0.000917
2458365.1599230836 -0.0008216855016778086  0.000917
2458365.1807359811 3.7180518352052924e-05  0.000917
2458365.2015488800 0.0005639022248301299   0.000917
2458365.2224228159 -0.000892595599223804   0.000917
2458365.2432357171 0.0004981762132504944   0.000917
2458365.2640486197 3.576631909668277e-05   0.000917
2458365.3265483677 0.00046464572777704134  0.000917
2458365.3682352141 -0.000895124309774618   0.000917
2458365.3890481195 -0.0006521431359539068  0.000917
2458365.4099220601 -0.0010377316413588897  0.000917
2458365.4307349650 -0.0004709335766293955  0.000917
2458365.4515478695 -0.0009161213067301996  0.000917
2458365.4724218082 -0.0008717344309752643  0.000917
2458365.4932347108 -0.0003030044340879944  0.000917
2458365.5140476120 -0.0008130964614567198  0.000917
2458365.5349215479 -0.0010922973184167377  0.000917
2458365.5557344467 4.9661760543746705e-05  0.000917
2458365.5765473437 0.0003219581046222061   0.000917
2458365.5974212755 -0.00046078051156223755 0.000917
2458365.6182341697 -0.0010116304978317423  0.000917
2458365.6390470625 0.0014541205945636103   0.000917
2458365.6599209891 0.0012156406380092416   0.000917
2458365.6807338786 0.0011784609873711873   0.000917
2458365.7015467668 0.0009007680908944406   0.000917
2458365.7224206892 0.001955188252240711    0.000917
2458365.7432335746 0.0020940404421600635   0.000917
2458365.7641074946 0.0016029823330426097   0.000917
2458365.7849203777 0.0007863158114476472   0.000917
2458365.8057942959 0.0003735326357528608   0.000917
2458365.8266071775 -0.001019462779784371   0.000917
2458365.8474200591 0.0007305704839974162   0.000917
2458365.8682939759 0.0008801783973042966   0.000917
2458365.8891068567 -0.0012250116576229641  0.000917
2458365.9099197378 0.0008664130148436653   0.000917
2458365.9307936551 -0.000284857182217079   0.000917
2458365.9516065372 -0.0008375320165237648  0.000917
2458366.0141062234 0.0011576860792389767   0.000917
2458368.8057778310 -0.00019844586826844708 0.000917
2458368.8265906740 -0.002074122566775799   0.000917
2458368.8474035165 -0.0006454822150339386  0.000917
2458368.8682773947 0.0011594642280775406   0.000917
2458368.8890902372 0.00027196853465506565  0.000917
2458368.9099030802 0.0005113308517122071   0.000917
2458368.9307769598 0.0004642502565469032   0.000917
2458368.9515898037 0.000398363656602335    0.000917
2458368.9724026495 0.0017389711922168065   0.000917
2458368.9932765309 -0.00022927353000514155 0.000917
2458369.0140893785 -0.0007652740825332509  0.000917
2458369.0349022280 0.0017203576733289022   0.000917
2458369.0557761136 0.001515412266686725    0.000917
2458369.0765889660 -3.0284173717236895e-05 0.000917
2458369.0974018197 0.0018692457423695186   0.000917
2458369.1182757104 0.0012073771786028627   0.000917
2458369.1390885673 0.0020197584037713783   0.000917
2458369.1599014262 -0.00036886299160132435 0.000917
2458369.1807753216 -0.0008776711404131315  0.000917
2458369.2015881832 -0.0008332501251611646  0.000917
2458369.2224010467 -3.881686612226476e-05  0.000917
2458369.2432749467 0.00018775260661792973  0.000917
2458369.2640878120 0.00031397970504512703  0.000917
2458369.2849006788 -0.00023057352867404782 0.000917
2458369.3057745812 2.1770945459646967e-06  0.000917
2458369.3265874493 7.525713122493587e-07   0.000917
2458369.3474003179 0.0003040303492131339   0.000917
2458369.3682742221 -0.002420462940345968   0.000917
2458369.3890870907 -0.00040072404899542575 0.000917
2458369.4098999593 0.00023194975089362458  0.000917
2458369.4307738631 -0.0                    0.000917
2458369.4515867308 0.00043550946980283763  0.000917
2458369.4723995975 -0.0005627880188845381  0.000917
2458369.4932734990 0.00034502976148134245  0.000917
2458369.5140863643 -0.0001912196697223273  0.000917
2458369.5348992278 -0.000968898851988826   0.000917
2458369.5557731260 -0.0004901807611130365  0.000917
2458369.5765859871 -0.0007624156848686139  0.000917
2458369.5973988473 0.00011904260965581435  0.000917
2458369.6182727413 0.0004514960431810402   0.000917
2458369.6390855983 0.00043832126689157295  0.000917
2458369.6598984539 0.0007966360416179406   0.000917
2458369.6807723437 0.0005125211705291021   0.000917
2458369.7015851969 -0.001250456750418114   0.000917
2458369.7223980487 -0.0008270803252268775  0.000917
2458369.7432719348 -3.5685143665223816e-05 0.000917
2458369.7641458199 -0.0012385356685662126  0.000917
2458369.7849586695 -0.0006793579176834698  0.000917
2458369.8057715185 -0.00020799275620576806 0.000917
2458369.8266454018 0.0016021390205146282   0.000917
2458369.8474582499 -0.0004998415517342235  0.000917
2458369.8682710980 0.00018318085681554534  0.000917
2458369.8891449817 -0.001215503239791576   0.000917
2458369.9932702687 0.00043481181751762793  0.000917
2458370.0141441575 -0.0002855504068888537  0.000917
2458370.0349570122 0.0001858885113056421   0.000917
2458370.0766437617 -0.0014665565528623578  0.000917
2458370.0974566215 0.00014062761060028574  0.000917
2458370.1182694826 0.0005422962328100186   0.000917
2458370.1391433808 0.0005533515070047564   0.000917
2458370.1599562452 -6.084255663459084e-05  0.000917
2458370.1807691110 -0.0010848700282659381  0.000917
2458370.2016430139 0.0008113022008221298   0.000917
2458370.2224558829 0.00019853428063991153  0.000917
2458370.2432687529 -0.0005239804241290705  0.000917
2458370.2641426595 -0.0                    0.000917
2458370.2849555318 -0.0004090615534058125  0.000917
2458370.3057684042 0.00044943050552741356  0.000917
2458370.3266423135 -0.00151683705705204    0.000917
2458370.3474551872 0.00044092815895522706  0.000917
2458370.3682680614 0.0017234717676563433   0.000917
2458370.3891419708 0.0007281999305087137   0.000917
2458370.4099548445 0.002326351066650887    0.000917
2458370.4307677178 -0.001758261450472569   0.000917
2458370.4516416262 -0.0007659841847015051  0.000917
2458370.4724544981 0.0008091200586884483   0.000917
2458370.4932673695 -0.0006257001533408211  0.000917
2458370.5141412746 -0.001011079308644103   0.000917
2458370.5349541437 0.000261234517381966    0.000917
2458370.5557670114 -0.0012444984434407487  0.000917
2458370.5766409128 -0.0012412650850959228  0.000917
2458370.6182666412 -0.00017441033138350436 0.000917
2458370.7224530075 0.0010303254240330098   0.000917
2458370.7432658630 0.0011278683751627715   0.000917
2458370.7641397533 -0.0006054093315961691  0.000917
2458370.7849526070 -0.00080823329199093    0.000917
2458370.8057654602 -3.503828316840485e-05  0.000917
2458370.8266393486 -0.0002718702360647147  0.000917
2458370.8474522019 0.0001312835880130639   0.000917
2458370.8682650542 -0.0010280035968639203  0.000917
2458370.8891389426 0.00155889434567525     0.000917
2458370.9099517963 0.0010339971029384616   0.000917
2458370.9307646500 -0.0002103240963778208  0.000917
2458370.9516385403 -0.00051601108784891    0.000917
2458370.9724513958 0.00012683312913957476  0.000917
2458370.9932642528 -0.00038397414417095223 0.000917
2458371.0141381463 0.00027720122027783447  0.000917
2458371.0349510056 0.0003138509077521263   0.000917
2458371.0766377645 0.0016152017066224135   0.000917
2458371.0974506284 -0.000865507203952629   0.000917
2458371.1599502657 0.00033812930837621476  0.000917
2458371.1807631361 -0.000797889303854947   0.000917
2458371.2016370432 -0.0012137297787731373  0.000917
2458371.2224499164 0.0001062361829412855   0.000917
2458371.2432627906 9.333299814566723e-05   0.000917
2458371.2641367018 -0.0008542199254463253  0.000917
2458371.2849495779 -0.0002879511492907951  0.000917
2458371.3057624549 -0.0011885714841782871  0.000917
2458371.3266363679 0.0006386027574939152   0.000917
2458371.3474492459 -0.001398215862551856   0.000917
2458371.3682621238 2.045956092926513e-05   0.000917
2458371.3891360373 0.0005922103417762947   0.000917
2458371.4099489152 0.00017374858339129818  0.000917
2458371.4307617922 0.00018087734171563617  0.000917
2458371.4516357044 -0.0009053986838811481  0.000917
2458371.4724485800 -0.0003951598418021813  0.000917
2458371.4932614546 -0.0009001035191396334  0.000917
2458371.5141353640 0.0004041505359251022   0.000917
2458371.5349482363 0.000853543529869834    0.000917
2458371.5557611077 0.0008648892928483148   0.000917
2458371.5766350124 -0.001015789657639022   0.000917
2458371.5974478810 4.555615525917025e-05   0.000917
2458371.6182607478 -0.0004098699129583776  0.000917
2458371.6391346483 -0.00041717615416785655 0.000917
2458371.6599475122 0.0011475785043805805   0.000917
2458371.6807603748 0.000682302194879567    0.000917
2458371.7016342715 -0.0022045305030152845  0.000917
2458371.7224471318 -0.00028278385501599506 0.000917
2458371.7432599906 0.0020046345342307195   0.000917
2458371.7641338841 -0.00011604162293584502 0.000917
2458371.7849467415 -0.0003375670494416745  0.000917
2458371.8057595980 -0.0012656709941103155  0.000917
2458371.8266334897 0.0008585925456434697   0.000917
2458371.8474463420 0.0016424085695016031   0.000917
2458371.8682591980 0.0003745561775354091   0.000917
2458371.8891330902 -0.0007939735540104739  0.000917
2458371.9099459467 -0.0010394585050026862  0.000917
2458371.9307588045 0.0016718430996843568   0.000917
2458371.9516326976 -0.0002022845622524164  0.000917
2458371.9724455569 0.001081273303343663    0.000917
2458371.9932584176 0.002029391734870706    0.000917
2458372.0141323144 -0.0009000346411359121  0.000917
2458372.0349451769 -0.0005791217839475197  0.000917
2458372.0557580413 0.00044295851873720626  0.000917
2458372.0766319428 -0.0002277721494419378  0.000917
2458372.0974448100 -0.00032223500720803916 0.000917
2458372.1182576790 0.00042665700990881757  0.000917
2458372.1391315851 -0.00035679270030686424 0.000917
2458372.1599444575 0.000727960889658465    0.000917
2458372.1807573312 -1.751476418703883e-06  0.000917
2458372.2016312419 0.00024596811712808935  0.000917
2458372.2224441180 0.0006056564441859243   0.000917
2458372.2432569959 2.300403306600942e-06   0.000917
2458372.2641309095 0.00039508355372826676  0.000917
2458372.2849437892 -0.0020822312133214043  0.000917
2458372.3057566695 -0.002038373470231806   0.000917
2458372.3266305854 0.0007268988160758226   0.000917
2458372.3474434661 -0.0004030883619150812  0.000917
2458372.3682563473 0.001733739827514088    0.000917
2458372.3891302636 -0.0007001829005933143  0.000917
2458372.4099431443 0.0006199287137319946   0.000917
2458372.4516299390 -0.0006579611855035813  0.000917
2458372.5141296070 -0.00046775717383693347 0.000917
2458372.5349424821 8.576913853752214e-05   0.000917
2458372.5557553559 -0.0015169378484996535  0.000917
2458372.5766292638 0.00026342252222486163  0.000917
2458372.5974421347 -0.00029245840903991473 0.000917
2458372.6182550043 0.00018109001091646564  0.000917
2458372.6391289071 -0.00021842110136669653 0.000917
2458372.6599417739 -0.00019749952280423923 0.000917
2458372.6807546387 0.00013881100244786585  0.000917
2458372.7016285378 8.868377748165081e-05   0.000917
2458372.7224414009 0.0022179078742056452   0.000917
2458372.7432542625 -2.460452545617716e-05  0.000917
2458372.7641281583 -0.0007298605525359902  0.000917
2458372.7849410186 -0.0013291770610011655  0.000917
2458372.8057538779 -0.0014763091266869013  0.000917
2458372.8266277723 -0.0007614692470953033  0.000917
2458372.8474406311 0.0001435006672526094   0.000917
2458372.8682534900 0.00046536998683585504  0.000917
2458372.8891273839 -0.0007927159671882978  0.000917
2458372.9099402437 -6.417040779511571e-06  0.000917
2458372.9307531039 -0.00032944085536885465 0.000917
2458372.9516270002 0.0022324461965265315   0.000917
2458372.9724398619 -0.00022660399977198197 0.000917
2458372.9932527249 -0.0015205791311774996  0.000917
2458373.0141266244 -0.001294661406820842   0.000917
2458373.0349394903 0.0016832535818926716   0.000917
2458373.0557523575 -0.00018730793510055347 0.000917
2458373.0766262612 -4.645738944431141e-05  0.000917
2458373.0974391312 0.00011035937326867194  0.000917
2458373.1182520031 0.0017383320238193575   0.000917
2458373.1391259120 0.0004196533288071963   0.000917
2458373.2432513353 -0.00035760054341461985 0.000917
2458373.2641252521 0.0008808738634872733   0.000917
2458373.3057510168 -0.0004706636112474802  0.000917
2458373.3266249350 -0.0009821334936762729  0.000917
2458373.3474378181 0.0008699922598206002   0.000917
2458373.4099375033 0.000711288201442882    0.000917
2458373.4516243027 0.00024935174084392584  0.000917
2458373.4932500632 -0.00011694369769150499 0.000917
2458373.5141239772 -0.0004878966935030282  0.000917
2458373.5349368546 -0.00032134802724047935 0.000917
2458373.5766236400 -0.0010354451573309294  0.000917
2458373.5974365128 -0.0010679203994707846  0.000917
2458373.6599361585 -0.0011561443156472896  0.000917
2458373.6807490257 -0.0014642451147916869  0.000917
2458373.7016229266 0.0012910544595648736   0.000917
2458373.7224357915 0.0010873178281326774   0.000917
2458373.7432486555 -0.0007531971280992972  0.000917
2458373.7641225532 0.00041606790528961546  0.000917
2458373.7849354153 -0.0006647122568737008  0.000917
2458373.8057482769 0.0019547803546148775   0.000917
2458373.8266221732 0.0008146553989747875   0.000917
2458373.8474350343 0.0005808186812082264   0.000917
2458373.8682478955 -0.00032278836232159646 0.000917
2458373.8891217918 -0.00020462423529771267 0.000917
2458373.9099346539 0.0004880154868632196   0.000917
2458373.9307475160 -0.0006244880545228323  0.000917
2458373.9516214146 0.0015492258537978657   0.000917
2458373.9932471439 -0.0005238710719139147  0.000917
2458374.0141210458 0.00031832459824201467  0.000917
2458374.0349339140 0.00034744790035029516  0.000917
2458374.0557467830 0.0004197523154032573   0.000917
2458374.0766206896 0.0007312152913059848   0.000917
2458374.0974335619 -0.000898714386213989   0.000917
2458374.1182464361 -0.0009614000674061666  0.000917
2458374.1391203469 0.0011157098778800682   0.000917
2458374.1599332243 0.0011592254104561958   0.000917
2458374.1807461027 -0.00047783253641776007 0.000917
2458374.2016200176 -0.0002189476512154928  0.000917
2458374.2224328988 -0.00117853694567412    0.000917
2458374.2432457814 -0.00023420429369495094 0.000917
2458374.2641197001 0.0007076876210377997   0.000917
2458374.2849325840 0.00018376035824096233  0.000917
2458374.3057454689 -0.0027550668025043724  0.000917
2458374.3266193895 0.0006990107363125881   0.000917
2458374.3474322748 0.0009395277643081388   0.000917
2458374.3682451602 -0.0010757397110611928  0.000917
2458374.3891190807 -0.00016544238870537235 0.000917
2458374.4099319656 -0.0009319491613308882  0.000917
2458374.4307448501 0.0011675866840696865   0.000917
2458374.4516187687 -0.00029678933679556105 0.000917
2458374.4724316513 0.0012413250563775113   0.000917
2458374.4932445330 0.000703647919588042    0.000917
2458374.5141184484 0.0017859855510890313   0.000917
2458374.5349313277 0.0007215229962317534   0.000917
2458374.5557442051 -0.00015768121469847459 0.000917
2458374.5766181168 -0.0008447900169279196  0.000917
2458374.5974309915 -0.0008817488831543384  0.000917
2458374.6182438647 1.0919035415782921e-05  0.000917
2458374.6391177718 -0.00056329219002156    0.000917
2458374.6599306422 0.0005251960221316279   0.000917
2458374.6807435113 -0.00017393970641014865 0.000917
2458374.7016174141 0.0003780714859940072   0.000917
2458374.7224302804 0.0012496715203153385   0.000917
2458374.7432431462 0.0011475521938025973   0.000917
2458374.7641170458 -0.0006105408828393254  0.000917
2458374.7849299097 0.0007720193210186682   0.000917
2458374.8057427732 0.0008027704792374675   0.000917
2458374.8266166714 0.0006016897515535566   0.000917
2458374.8474295344 0.00030197548454714113  0.000917
2458374.8682423974 -0.0008126864582381772  0.000917
2458374.9099291591 -0.0014148555953303612  0.000917
2458374.9307420240 -0.0009014867373027251  0.000917
2458374.9516159240 0.00017933073451639932  0.000917
2458374.9932416580 -0.0016463316963607542  0.000917
2458375.0141155617 -0.00014517415557770033 0.000917
2458375.0349284313 -0.0012507989291559926  0.000917
2458375.0557413031 -0.0009757452017552599  0.000917
2458375.0766152083 0.001028115948905085    0.000917
2458375.0974280825 -0.000959919219244943   0.000917
2458375.1182409590 5.993398879451129e-05   0.000917
2458375.1391148716 0.00029469728831477615  0.000917
2458375.1599277509 0.000735816202274844    0.000917
2458375.1807406317 -0.0015931731504519     0.000917
2458375.2016145489 0.0003231376790416813   0.000917
2458375.2224274320 -0.0006110425774349721  0.000917
2458375.2432403164 -0.0001001290292457321  0.000917
2458375.2641142365 0.00039226575702049613  0.000917
2458375.2849271228 6.575711212668591e-05   0.000917
2458375.3057400095 7.446689037676723e-06   0.000917
2458375.3266139315 -0.0018590040585744194  0.000917
2458375.3474268187 0.000547884547724668    0.000917
2458375.3682397064 0.0012364103297600744   0.000917
2458375.3891136283 0.0016860375457586185   0.000917
2458375.4099265151 0.0007344600577958385   0.000917
2458375.4307394009 0.00101025610195502     0.000917
2458375.4516133210 0.00039036995025224864  0.000917
2458375.4724262054 0.0004697479987904424   0.000917
2458375.4932390889 -0.0012718058610615038  0.000917
2458375.5141130062 -0.00016358546471205085 0.000917
2458375.5349258869 0.00020905006425727042  0.000917
2458375.5766126788 -0.0001664478899384382  0.000917
2458375.5974255553 5.8147185937991326e-05  0.000917
2458375.6599252108 -0.0012205356251980372  0.000917
2458375.6807380812 -0.0012360111573687035  0.000917
2458375.7016119855 0.0009726386185191284   0.000917
2458375.7224248536 0.000818884062207269    0.000917
2458375.7432377208 0.0001388069207684316   0.000917
2458375.7641116222 0.0010975085905236724   0.000917
2458375.8057373529 0.0009661097116428618   0.000917
2458375.8474241174 0.0009143537867752847   0.000917
2458375.8891108823 0.0006714704592842212   0.000917
2458375.9099237476 -0.0009347754787914674  0.000917
2458375.9516105163 -0.0006124980506678967  0.000917
2458376.0349230310 0.0004385613165039088   0.000917
2458376.0974226906 0.00021944840365388703  0.000917
2458376.1599223646 -0.00040683064395310737 0.000917
2458376.1807352472 -0.00023882351561899177 0.000917
2458376.2224220512 -0.0007151008834262139  0.000917
2458376.2432349375 -0.0002471738336876064  0.000917
2458376.2641088595 0.00012529875417335664  0.000917
2458376.2849217476 -0.0016322525901049502  0.000917
2458376.3057346358 -0.0015257806351206724  0.000917
2458376.3266085596 -0.0001424506160943643  0.000917
2458376.3474214487 -0.0002203541483859758  0.000917
2458376.3682343373 -0.0005205170252461389  0.000917
2458376.3891082611 0.0003764505880852801   0.000917
2458376.4099211497 -0.00034092239202786385 0.000917
2458376.4307340370 -0.0001872967369835214  0.000917
2458376.4516079589 -0.0006708416336604348  0.000917
2458376.4724208447 0.0011483043245371898   0.000917
2458376.4932337296 -0.0011593112645607528  0.000917
2458376.5141076478 -8.360828006515701e-05  0.000917
2458376.5349205299 0.0007155791455384219   0.000917
2458376.5557334111 0.001143670476938715    0.000917
2458376.5766073251 0.0012208344900189528   0.000917
2458376.5974202030 4.896142278006364e-05   0.000917
2458376.6182330796 0.0003246933490901795   0.000917
2458376.6391069894 -0.0008382485152019616  0.000917
2458376.6599198626 0.0011595327847282223   0.000917
2458376.6807327350 -0.0003538450893916667  0.000917
2458376.7016066406 -0.001754794208898263   0.000917
2458376.7224195101 2.6906414227468732e-06  0.000917
2458376.7432323787 0.0007963917418256266   0.000917
2458376.7641062816 -0.0003301592006774197  0.000917
2458376.7849191488 0.0020141100745035435   0.000917
2458376.8057320155 -0.0004573202240409944  0.000917
2458376.8266059170 0.001130575834674618    0.000917
2458376.8474187832 0.00029053359538926506  0.000917
2458376.8682316495 0.0018906423302356386   0.000917
2458376.8891055514 0.0003073671505624209   0.000917
2458376.9099184186 -0.0014409871280641519  0.000917
2458376.9307312868 0.0004278202692291843   0.000917
2458376.9516051901 0.0009871822058592382   0.000917
2458376.9724180601 -0.0006534906379902612  0.000917
2458376.9932309315 0.0010027098032795675   0.000917
2458377.0141048385 -0.0005034717422254178  0.000917
2458377.0349177122 0.00019136201841036111  0.000917
2458377.0766044995 -0.001515043912806666   0.000917
2458377.0974173774 -0.0010891275290675609  0.000917
2458377.1182302576 -0.0008132767654895462  0.000917
2458377.1391041740 0.00010910355433284327  0.000917
2458377.1599170566 0.00034893733923962116  0.000917
2458377.2224167488 0.0008608328633977971   0.000917
2458377.2432296365 -0.0008170339532048529  0.000917
2458377.2641035602 0.0013946312686355098   0.000917
2458377.2849164498 -0.0013928344044299762  0.000917
2458377.3057293398 0.0002039734783714345   0.000917
2458377.3266032650 -0.0007573714030653288  0.000917
2458377.3474161560 0.0020758119476532748   0.000917
2458377.3682290460 0.0001909246669585766   0.000917
2458377.3891029712 0.000547134729535848    0.000917
2458377.4099158612 -0.0007431869060353748  0.000917
2458377.4307287503 -0.0017393991001159528  0.000917
2458377.4516026736 -0.000498467977920074   0.000917
2458377.4724155609 -0.000310774692252848   0.000917
2458377.4932284472 0.0006400340826796671   0.000917
2458377.5141023668 0.0007709331787832271   0.000917
2458377.5349152503 0.0008940085618338812   0.000917
2458377.5557281328 -0.0001782084079161683  0.000917
2458377.5766020482 -0.00026962986895181904 0.000917
2458377.5974149276 -0.0012401703810487178  0.000917
2458377.6182278050 -0.0009332290624413182  0.000917
2458377.6391017162 0.0011929668514920261   0.000917
2458377.6599145909 0.0009056662024649238   0.000917
2458377.6807274646 0.0004147476746507527   0.000917
2458377.7016013716 6.653318985374042e-05   0.000917
2458377.7224142426 0.0004970450968062991   0.000917
2458377.7432271130 0.00016021158194280818  0.000917
2458377.7641010173 -5.4235864538308935e-05 0.000917
2458377.7849138854 0.0013700087252200691   0.000917
2458377.8057267540 -0.0016817969790494558  0.000917
2458377.8474135245 -0.001195360882053587   0.000917
2458377.8682263922 1.0217020100949524e-05  0.000917
2458378.0557253449 0.00011484813424881155  0.000917
2458378.1182250199 0.0005381613892043573   0.000917
2458378.1390989381 0.0008284347870193409   0.000917
2458378.1599118225 -0.0016524443974718583  0.000917
2458378.1807247084 0.0007403887362393672   0.000917
2458378.2015986308 0.0014470363418368577   0.000917
2458378.2224115194 -0.0014849889164131637  0.000917
2458378.2432244085 -0.0008557922405978977  0.000917
2458378.2849112251 -2.7055325622723596e-06 0.000917
2458378.3057241151 -0.0019283346852932226  0.000917
2458378.3265980422 0.0010138780412347816   0.000917
2458378.3474109336 -0.0006433134235587292  0.000917
2458378.3682238259 -0.0010845148382606815  0.000917
2458378.3890977525 -0.0005861820914914648  0.000917
2458378.4099106435 0.0002895685866861633   0.000917
2458378.4307235340 4.137259939966235e-05   0.000917
2458378.5140971555 -0.0                    0.000917
2458378.6599093881 0.001572451277328954    0.000917
2458378.6807222622 -0.0007211266381938997  0.000917
2458378.7015961707 -0.0005046709008701759  0.000917
2458378.7224090430 0.0008678933702804324   0.000917
2458378.7432219144 -4.343100197523851e-06  0.000917
2458378.7640958196 -0.0009620927290937672  0.000917
2458378.7849086896 4.343117570615672e-06   0.000917
2458378.8057215591 -0.0010051448268307583  0.000917
2458378.8265954629 -0.00015620351848109236 0.000917
2458378.8474083319 -0.0020968371177884975  0.000917
2458378.8682212015 -0.0009742173204656361  0.000917
2458378.8890951057 0.0009532322687823268   0.000917
2458378.9099079762 -0.001067300511512186   0.000917
2458378.9307208471 5.887396419947542e-06   0.000917
2458378.9515947537 0.001108395203798354    0.000917
2458378.9724076269 0.0008875907120065771   0.000917
2458378.9932205006 -0.0018276863032839368  0.000917
2458379.0140944109 0.0012582527508052232   0.000917
2458379.0349072879 -0.0011443904330464393  0.000917
2458379.0557201658 -0.00010985588350431555 0.000917
2458379.0765940808 0.0009492767124612331   0.000917
2458379.0974069624 -0.00022736669410522163 0.000917
2458379.1182198450 0.0007133767504563842   0.000917
2458379.1390937646 0.0011238182527078591   0.000917
2458379.1599066504 -0.00036062293724652    0.000917
2458379.1807195377 -0.0007468075989634852  0.000917
2458379.2015934610 -0.0002694143953290489  0.000917
2458379.2224063510 -0.0011353051349853554  0.000917
2458379.2432192415 -0.00028169964501026547 0.000917
2458379.2640931681 0.00048759408840534586  0.000917
2458379.2849060600 -0.000961373165142893   0.000917
2458379.3057189528 -0.0011851725692270832  0.000917
2458379.3265928808 -0.0004161628958561875  0.000917
2458379.3474057736 -0.00011297813175244133 0.000917
2458379.4099054858 -0.0024871610968625435  0.000917
2458379.4307183768 -0.0016297986195530972  0.000917
2458386.2015403849 -0.0003477957134806459  0.000917
2458386.2223531976 -0.0009072453523923287  0.000917
2458386.2431660113 0.0015055438495205184   0.000917
2458386.2640398596 0.0012707260921599856   0.000917
2458386.2848526742 -0.0014964542383992896  0.000917
2458386.3056654893 -0.000503561082221996   0.000917
2458386.3265393390 0.00038047642868537516  0.000917
2458386.3473521541 0.00022320640707250444  0.000917
2458386.3890388180 -0.0015315649000078148  0.000917
2458386.4098516316 0.000601029553364189    0.000917
2458386.4306644448 0.0009286862992608803   0.000917
2458386.4515382913 -0.00037179617121460844 0.000917
2458386.4723511022 0.00021071655180037054  0.000917
2458386.4931639121 0.0011586248284675344   0.000917
2458386.5140377549 0.0006535661654406758   0.000917
2458386.5348505620 -7.513027036113243e-05  0.000917
2458386.5765372063 -0.0007682544796215848  0.000917
2458386.5973500093 -7.208106027487975e-05  0.000917
2458386.6181628103 -0.0021505587435005614  0.000917
2458386.6390366447 -8.562109025844327e-05  0.000917
2458386.6598494439 0.0016437162138775773   0.000917
2458386.6806622413 -0.0009542263531011844  0.000917
2458386.7015360720 0.0002935288298048973   0.000917
2458386.7223488679 -0.0018581234942810054  0.000917
2458386.7431616625 -0.00016661209283921785 0.000917
2458386.7640354913 -1.7175285208153123e-05 0.000917
2458386.8056610790 -0.00054279457661606    0.000917
2458386.8265349073 -0.00023991390687467563 0.000917
2458386.8473477010 -0.0006606100205865918  0.000917
2458386.8681604955 0.001773499178237203    0.000917
2458386.8890343248 0.0008474375826071463   0.000917
2458386.9098471208 -0.00032833639148265807 0.000917
2458386.9306599176 -0.00041975801529469943 0.000917
2458386.9515337497 0.0010597151260283756   0.000917
2458386.9931593495 0.0006281230017997318   0.000917
2458387.0140331862 -0.00013690339540101666 0.000917
2458387.0348459897 0.0009577435107474423   0.000917
2458387.0556587949 0.0005741562238190605   0.000917
2458387.0765326363 -0.0002943094562925728  0.000917
2458387.0973454444 0.001798436948370272    0.000917
2458387.1181582548 -0.0003477721260299006  0.000917
2458387.1390321003 0.0006323084544432962   0.000917
2458387.1598449135 0.0007878488355206675   0.000917
2458387.1806577276 -4.6522166054529664e-05 0.000917
2458387.2015315774 -0.0002273600575414651  0.000917
2458387.2223443938 0.000808679031980891    0.000917
2458387.2431572117 -0.001453778341984031   0.000917
2458387.2640310638 -0.0010004567828172197  0.000917
2458387.2848438825 -0.000582209733036539   0.000917
2458387.3681561924 -0.0006570107551426644  0.000917
2458387.3890300454 -0.0016216660024285544  0.000917
2458387.4098428627 -0.00045848302063756743 0.000917
2458387.4306556797 0.0005960095454910508   0.000917
2458387.4515295294 -0.0007266816179055524  0.000917
2458387.4723423445 0.0012668574372512464   0.000917
2458387.4931551577 -0.002012337935106033   0.000917
2458387.5140290041 -0.00022186917340183136 0.000917
2458387.5348418145 9.74565667484168e-05    0.000917
2458387.5556546240 -0.0009681395144051817  0.000917
2458387.5765284658 0.0025673075477480162   0.000917
2458387.5973412725 0.0018360851585608854   0.000917
2458387.6181540773 0.0010753420321148654   0.000917
2458387.6390279150 0.0014380837469002666   0.000917
2458387.6598407174 -0.0015629200009819452  0.000917
2458387.6806535185 4.484661837273685e-05   0.000917
2458387.7015273529 -0.0002700986637512445  0.000917
2458387.7223401521 0.0003937803540918605   0.000917
2458387.8056523772 0.0027249200221838594   0.000917
2458387.8473390066 -0.0005241669504632324  0.000917
2458387.8681518049 -0.0005086246886853781  0.000917
2458387.8890256379 -0.0009791662322410424  0.000917
2458387.9098384376 0.0007653099367428802   0.000917
2458387.9515250740 -0.0006935581605871481  0.000917
2458387.9723378764 -0.0009511876606590053  0.000917
2458387.9931506808 -0.0008162816892191629  0.000917
2458388.0140245208 -0.0003084933859912226  0.000917
2458388.0348373284 -0.0007880363304444927  0.000917
2458388.0556501374 -0.002311644463838993   0.000917
2458388.0765239820 0.0013933986742190002   0.000917
2458388.0973367942 4.1126852633303695e-05  0.000917
2458388.1181496079 0.00025177419418544595  0.000917
2458388.1390234572 0.00023720273174520593  0.000917
2458388.1598362736 -0.000965549870881331   0.000917
2458388.1806490920 -0.0007324873705063379  0.000917
2458388.2015229450 -0.0007592208142004505  0.000917
2458388.2223357651 0.0015017837610975817   0.000917
2458388.2431485858 -0.0006520461188640777  0.000917
2458388.2640224420 -0.0004417024520722918  0.000917
2458388.2848352641 -0.0009095345880512592  0.000917
2458388.3056480866 0.002112953425084406    0.000917
2458388.3265219429 0.0004135297106807933   0.000917
2458388.3473347654 0.00031791894348284083  0.000917
2458388.3681475874 0.00140809506218492     0.000917
2458388.3890214432 0.0009907906925236169   0.000917
2458388.4098342638 0.0003635109081475018   0.000917
2458388.4306470840 0.001615331876091085    0.000917
2458388.4515209375 -0.0010500702499765036  0.000917
2458388.4723337549 -0.00030868052326066335 0.000917
2458388.4931465718 -0.0003886126425077115  0.000917
2458388.5348332347 -0.0001701084628086632  0.000917
2458388.5556460475 8.483907587955594e-05   0.000917
2458388.5765198926 -0.0009446172251255002  0.000917
2458388.5973327020 -0.0005634709627303162  0.000917
2458388.6181455096 0.0010614378895956037   0.000917
2458388.6390193505 -0.0020303174431830096  0.000917
2458388.6598321558 -0.00034898580250490455 0.000917
2458388.6806449601 -0.00021402913124199337 0.000917
2458388.7223315998 -1.0304526127816476e-05 0.000917
2458388.7431444013 0.00010306940453483758  0.000917
2458388.7640182367 0.0006343624012212938   0.000917
2458388.7848310373 -0.00012544085546746606 0.000917
2458388.8056438379 0.0002769700694606467   0.000917
2458388.8265176727 -0.0003253977427226286  0.000917
2458388.8473304734 -0.0003077535935027226  0.000917
2458388.8890171032 -0.0009260008206622473  0.000917
2458388.9098299062 0.0006494650666231748   0.000917
2458388.9306427096 0.000896712631631477    0.000917
2458388.9515165491 -6.154020247247419e-06  0.000917
2458388.9723293553 -0.00030641738350325966 0.000917
2458388.9931421629 0.0017141081007025448   0.000917
2458389.0140160061 0.0005701044932189127   0.000917
2458389.0348288170 -0.000512551680228383   0.000917
2458389.0556416288 -4.111509142783914e-05  0.000917
2458389.0765154772 0.0008074768811972443   0.000917
2458389.0973282927 -0.0010902053412647195  0.000917
2458389.1181411096 0.00035765893895632253  0.000917
2458389.1806406034 -1.3295299955433744e-05 0.000917
2458389.2015144597 0.0005242708661814571   0.000917
2458389.2223272831 -5.2411748784367315e-06 0.000917
2458389.2431401075 -0.0007738607452013988  0.000917
2458389.2640139661 0.0017113795374661624   0.000917
2458389.2848267914 -0.00019499665894766625 0.000917
2458389.3056396167 0.0002958759933989131   0.000917
2458389.3265134767 0.00020004171427683373  0.000917
2458389.3473263020 -0.0015940146473942592  0.000917
2458389.3681391268 0.0006128379584513432   0.000917
2458389.3890129859 0.0009186127223845316   0.000917
2458389.4306386323 0.0008378093602061487   0.000917
2458389.4515124881 -0.0013030326346542395  0.000917
2458389.4723253092 0.0016815425349511522   0.000917
2458389.4931381284 -0.0013554490022051088  0.000917
2458389.5140119805 -0.0011268434037502092  0.000917
2458389.5556376125 -6.719570966823387e-05  0.000917
2458389.5765114604 -0.0012369174474810278  0.000917
2458389.5973242726 0.00046564421271568917  0.000917
2458389.6390109267 -0.0003110515092105048  0.000917
2458389.6598237348 -0.0010327186286570342  0.000917
2458389.6806365419 -0.0007369945285208305  0.000917
2458389.7223231872 0.000780921721943264    0.000917
2458389.7431359920 0.0014293163241998013   0.000917
2458389.7640098301 -0.0003698407579244602  0.000917
2458389.7848226335 0.00025757024629291715  0.000917
2458389.8056354369 0.0009228103113302724   0.000917
2458389.8265092745 0.0003538636115935301   0.000917
2458389.9098215280 -0.0016153900547995878  0.000917
2458389.9931337973 -0.0011516454772508985  0.000917
2458390.0556332725 0.00040658999933307273  0.000917
2458390.0765071237 -0.0014993724909064688  0.000917
2458390.0973199424 -0.000890851031948031   0.000917
2458390.1181327626 0.0013960123358539459   0.000917
2458390.1390066184 -0.00014304145442368786 0.000917
2458390.1598194414 0.0004769502449867745   0.000917
2458390.1806322653 2.651824612966763e-05   0.000917
2458390.2015061248 -0.0001478334631246686  0.000917
2458390.2223189510 -0.0011238649393141486  0.000917
2458390.2848184681 -0.0006473848251473878  0.000917
2458390.3056312962 -5.052384953386657e-05  0.000917
2458390.3265051590 -0.0002825355075508848  0.000917
2458390.3473179871 0.0006469145888956768   0.000917
2458390.3681308147 -0.001217611723982577   0.000917
2458390.3890046761 0.001688214583626837    0.000917
2458390.4098175028 -0.00014315403640830098 0.000917
2458390.4306303281 0.0008831221802587823   0.000917
2458390.4515041872 0.0008558308869381305   0.000917
2458390.4723170102 -0.0007667161933416836  0.000917
2458390.4931298322 0.0004834295721252785   0.000917
2458390.5140036875 0.000702821383996995    0.000917
2458390.5556293242 0.0010481303036510765   0.000917
2458390.5765031748 0.0004059658459978444   0.000917
2458390.5973159894 0.00046361623190622857  0.000917
2458390.6181288031 -0.0005821413014456248  0.000917
2458390.6390026491 -0.0007720050764728984  0.000917
2458390.6806282694 0.0006226755609117157   0.000917
2458390.7015021127 0.0011410862420621472   0.000917
2458390.7223149203 -0.00018711367572081487 0.000917
2458390.7431277274 -0.0005827757287755093  0.000917
2458390.7640015683 0.00015211242875223815  0.000917
2458390.7848143745 0.0013423681715864556   0.000917
2458390.8056271807 -0.00033414010374631397 0.000917
2458390.8265010216 0.0008945815716507959   0.000917
2458390.8473138283 -0.0002444645294451789  0.000917
2458390.8681266354 2.3409613077466902e-05  0.000917
2458390.8890004773 -0.0010610628336233873  0.000917
2458390.9098132863 -0.0010177994513131902  0.000917
2458390.9306260957 0.0006956833034895684   0.000917
2458390.9514999408 0.0006054013285647267   0.000917
2458390.9723127531 -0.0005256783411003292  0.000917
2458390.9931255667 0.0010636501138293676   0.000917
2458391.0139383818 0.00012226313585374875  0.000917
2458391.0347511987 -0.0019718429913330986  0.000917
2458391.0556250513 0.0014322982305384631   0.000917
2458391.0764378710 0.00047774781415590116  0.000917
2458391.0972506925 -9.29648479057937e-05   0.000917
2458391.1181245497 -0.0003127886809518602  0.000917
2458391.1597501999 0.0006821166836037555   0.000917
2458391.1806240613 0.0009352115705102171   0.000917
2458391.2014368894 -0.0026299020788207172  0.000917
2458391.2222497184 -0.0009866962453053696  0.000917
2458391.2431235826 -0.0002764706727240154  0.000917
2458391.3056231090 -3.505169647602335e-05  0.000917
2458391.3264359399 -0.002023504017837452   0.000917
2458391.3472487708 -0.00012662233923713213 0.000917
2458391.3681226354 0.0002793796033393252   0.000917
2458391.3889354649 0.0014311297412937377   0.000917
2458391.4097482939 -0.0014469971842605957  0.000917
2458391.4306221567 -0.0005872649194685116  0.000917
2458391.4514349834 -0.0007985697140396726  0.000917
2458391.4722478096 0.0007575998927598042   0.000917
2458391.4931216682 -0.00014078954363214868 0.000917
2458391.5139344912 0.00021138408689704702  0.000917
2458391.5347473128 0.00010058767846368692  0.000917
2458391.5764339860 -0.001022768577216239   0.000917
2458391.5972468033 -3.030541093323862e-05  0.000917
2458391.6181206536 -6.618751794019907e-05  0.000917
2458391.6389334677 0.0016761977384991964   0.000917
2458391.6597462813 0.00047049011663302046  0.000917
2458391.6806201274 0.0006554321319130947   0.000917
2458391.7014329387 -0.00013742512128222704 0.000917
2458391.7222457491 0.0013901902322137603   0.000917
2458391.7431195928 0.0004744217943659364   0.000917
2458391.7639324022 0.00024226588899805694  0.000917
2458391.7847452112 -0.0001610135217538092  0.000917
2458391.8681185162 -3.7336316371324005e-05 0.000917
2458391.8889313270 0.00015258630463402606  0.000917
2458391.9097441384 0.0005668804318395331   0.000917
2458391.9514307985 -0.0006779048873525765  0.000917
2458391.9722436136 0.0002727612282502531   0.000917
2458391.9931174642 -0.0007890864191934454  0.000917
2458392.0139302821 -0.0007646920957736913  0.000917
2458392.0347431018 9.319858024429904e-05   0.000917
2458392.0556169567 0.0008854145203199845   0.000917
2458392.1181164635 -0.00017450959591220288 0.000917
2458392.1597421193 -0.0007377768327460315  0.000917
2458392.1806159830 0.0003113528693690978   0.000917
2458392.2014288139 0.0014737462298585965   0.000917
2458392.2222416452 -0.00021984939753676776 0.000917
2458392.3056150461 -0.00046829252442413577 0.000917
2458392.3472407130 -0.00010061570705076236 0.000917
2458392.3681145795 0.00027760397436727026  0.000917
2458392.4097402431 -3.0474564800639383e-05 0.000917
2458392.4306141078 -0.0010834146967052677  0.000917
2458392.4514269372 -9.851022971758257e-05  0.000917
2458392.4931136263 -0.0009481356911049069  0.000917
2458392.5139264516 6.786287303560515e-05   0.000917
2458392.5347392755 0.0010583986532272348   0.000917
2458392.5556131322 -0.0003011766256940526  0.000917
2458392.5764259528 0.0012453783734237285   0.000917
2458392.5972387725 -0.00016780545343284697 0.000917
2458392.6181126246 0.00011926361464341998  0.000917
2458392.6389254411 0.0004584257870495065   0.000917
2458392.7222377313 0.0008431748975261484   0.000917
2458392.7847372000 0.0009143543407526889   0.000917
2458392.8056110451 0.00031161513746345734  0.000917
2458392.8264238564 0.0003829798684376432   0.000917
2458392.8472366682 0.00040260091102742497  0.000917
2458392.8681105142 0.0004751052924734689   0.000917
2458392.8889233274 -0.00038848946577734367 0.000917
2458392.9097361411 -0.0018351789377486325  0.000917
2458392.9306099899 -0.0016287833180011453  0.000917
2458392.9514228059 0.0013002896853699707   0.000917
2458392.9722356233 -0.0002632950084430717  0.000917
2458392.9931094763 -0.001003388110028671   0.000917
2458393.0139222965 -0.001050961742955235   0.000917
2458393.0347351185 0.0016060633946005738   0.000917
2458393.0556089762 -0.0006059367269115993  0.000917
2458393.0764218010 -0.0008374748304074325  0.000917
2458393.0972346272 0.0025310345111496154   0.000917
2458393.1181084896 -0.00016562481819268123 0.000917
2458393.1389213186 -0.0016951084188514976  0.000917
2458393.1597341495 0.0008170158680859652   0.000917
2458393.1806080155 0.0004749063411423385   0.000917
2458393.2014208483 -0.0007674882817705643  0.000917
2458393.2222336824 0.0011743177327687604   0.000917
2458393.2639203859 0.0006472620158391614   0.000917
2458393.2847332209 0.00010670646641778794  0.000917
2458393.3056070907 0.0009261306479969875   0.000917
2458393.3264199258 0.0008356494334168543   0.000917
2458393.3472327609 0.0006150101052246973   0.000917
2458393.3681066297 -0.0006742069587657131  0.000917
2458393.3889194634 -0.0006035924910854336  0.000917
2458393.4097322966 -0.00036697072159087233 0.000917
2458393.4306061626 -0.001721986501629465   0.000917
2458393.4514189935 -0.0009659363058129885  0.000917
2458393.4722318235 -0.0007094767898976303  0.000917
2458393.4931056858 0.0001254785361074246   0.000917
2458393.5139185125 -0.001007998402269751   0.000917
2458393.5347313378 -0.0017621555900172573  0.000917
2458393.5556051959 -0.000456241524958464   0.000917
2458393.5764180180 0.000712177890953934    0.000917
2458393.5972308391 -0.001691186881774079   0.000917
2458393.6389175104 -0.00018698473738681883 0.000917
2458393.6597303268 -0.00034323263815829266 0.000917
2458393.6806041766 0.0005687875425537041   0.000917
2458393.7014169917 0.00047583827676245206  0.000917
2458393.7222298053 -0.0018097400241178538  0.000917
2458393.7431036523 0.0006654592774752721   0.000917
2458393.7639164655 -0.00020596607530860462 0.000917
2458393.7847292777 -0.0013236742232307101  0.000917
2458393.8264159365 -0.0012459951706328795  0.000917
2458393.8472287492 -0.0001411253094423549  0.000917
2458393.8681025966 -0.00018217392889103144 0.000917
2458393.8889154107 0.0005742941478461445   0.000917
2458393.9097282253 -0.00011496574959856235 0.000917
2458393.9306020755 0.0007503060711870247   0.000917
2458393.9722277108 0.001982936278091537    0.000917
2458393.9931015647 0.000340199234476966    0.000917
2458394.0347272083 0.0008668991499011213   0.000917
2458394.0556010664 0.0002858325904931759   0.000917
2458394.0764138922 0.00010640115321612399  0.000917
2458394.0972267194 0.0014389208433599335   0.000917
2458394.1181005822 0.0016884303989763397   0.000917
2458394.1389134121 0.0008292694670703637   0.000917
2458394.1597262430 0.0005980039949227501   0.000917
2458394.1806001095 0.002055244700832494    0.000917
2458394.2014129427 0.0015420449112309798   0.000917
2458394.2222257764 0.00017876675886661653  0.000917
2458394.2430996452 0.0019887244811972594   0.000917
2458394.2639124799 0.00046756653004024947  0.000917
2458394.2847253149 0.0013147214108572502   0.000917
2458394.3055991842 -0.001281317851842571   0.000917
2458396.6597043946 -0.0002496201246374751  0.000917
2458396.6805171650 -0.0003066376631516554  0.000917
2458396.7013299349 0.00021294443653405314  0.000917
2458396.7222037376 0.001487309796173303    0.000917
2458396.7430165056 -0.001083586002319819   0.000917
2458396.7847030750 -0.0001328345887842956  0.000917
2458396.8055158425 0.0012993378976876465   0.000917
2458396.8263286105 -0.0006308348671200789  0.000917
2458396.8472024128 0.0017194312729563776   0.000917
2458396.8680151817 -0.000779367998072128   0.000917
2458396.8888279512 -0.0009830384228813255  0.000917
2458396.9097017557 0.0008764233984656957   0.000917
2458396.9305145280 4.250760330103892e-05   0.000917
2458396.9513273011 -0.0012466146289781812  0.000917
2458396.9722011099 -0.0010365564406954546  0.000917
2458396.9930138858 0.00044977402272368373  0.000917
2458397.0347004770 0.00021354339051857542  0.000917
2458397.0555132581 -0.00035726173348622596 0.000917
2458397.0763260406 -0.00028953256870014866 0.000917
2458397.0971998586 0.0003039118354146433   0.000917
2458397.1180126448 -0.0012367214995980579  0.000917
2458397.1388254319 0.00025571170550237055  0.000917
2458397.1596992542 8.542096068888225e-05   0.000917
2458397.1805120441 -0.0001762056194522601  0.000917
2458397.2013248350 0.0019535111154955383   0.000917
2458397.2221986605 -0.0002342898945156057  0.000917
2458397.2430114532 -0.0002385810122841302  0.000917
2458397.2638242464 0.0004979287123803469   0.000917
2458397.2846980733 -0.0012909700600203626  0.000917
2458397.3055108669 0.00046222540391285767  0.000917
2458397.3263236601 0.0012995862470134459   0.000917
2458397.3471974870 0.0003019897553075694   0.000917
2458397.3680102802 -0.0001457636376891159  0.000917
2458397.4096968970 -0.00013733525285136326 0.000917
2458397.4305096874 -0.000521437291099848   0.000917
2458397.4513224768 -0.0008298427672915654  0.000917
2458397.4721962987 -0.0017513638160889238  0.000917
2458397.4930090858 0.00018632094917228078  0.000917
2458397.5138218710 0.0007948578101970107   0.000917
2458397.5346956891 0.0013639415970862212   0.000917
2458397.5555084720 -0.0008133896361538683  0.000917
2458397.5763212536 0.0007838257150950171   0.000917
2458397.5971950670 0.0005479655419055252   0.000917
2458397.6180078462 0.0008228448743894492   0.000917
2458397.6388206240 -4.250593915280072e-05  0.000917
2458397.6596944346 0.0015903258920181398   0.000917
2458397.6805072101 0.011894196848067256    0.000917
2458397.7013199851 0.02320353687765478     0.000917
2458397.7221937934 0.024994642294195145    0.000917
2458397.7638193415 0.02635575543748282     0.000917
2458397.7846931489 0.027496833557212552    0.000917
2458397.8055059235 0.027222638781366923    0.000917
2458397.8263186980 0.02668515871088019     0.000917
2458397.8471925068 0.02441669267458472     0.000917
2458397.8680052827 0.016059719982999876    0.000917
2458397.8888180596 0.001317672160858303    0.000917
2458397.9096918711 -0.0013767587192687314  0.000917
2458397.9305046503 -0.000505543912324191   0.000917
2458397.9513174309 0.0012594113519503814   0.000917
2458397.9721912472 0.001237097593735878    0.000917
2458397.9930040305 0.0005061071703368137   0.000917
2458398.0138168163 -0.0015435633830024466  0.000917
2458398.0555034257 0.0015230176912473365   0.000917
2458398.0763162160 -0.00018408294558255986 0.000917
2458398.1180028361 0.0016402510867624285   0.000917
2458398.1388156312 0.0013507866449710116   0.000917
2458398.1596894613 0.0005103847257810878   0.000917
2458398.1805022592 -0.0008399434100334366  0.000917
2458398.2221888914 -0.0008201934378695579  0.000917
2458398.2430016920 -0.0007045537043464877  0.000917
2458398.2638144926 -4.738224912922516e-05  0.000917
2458398.2846883279 0.0004465369842462357   0.000917
2458398.3055011290 0.0005509327390578453   0.000917
2458398.3263139301 0.00027624032586716645  0.000917
2458398.3471877649 -3.89201316539556e-05   0.000917
2458398.3680005656 0.000564533597678521    0.000917
2458398.3888133653 6.798994744819589e-06   0.000917
2458398.4096871982 -1.5783653120239597e-05 0.000917
2458398.4304999965 0.0018582367545934024   0.000917
2458398.4513127930 -6.798952169063282e-06  0.000917
2458398.4721866227 -0.00018213537825997384 0.000917
2458398.4929994172 -0.0007162578062414719  0.000917
2458398.5138122104 0.0006883908459670703   0.000917
2458398.5554377921 -0.00026073023846593117 0.000917
2458398.5763116148 -0.0004587491396744592  0.000917
2458398.6179371891 0.00037303693456102393  0.000917
2458398.6388110081 -0.00020212839265365686 0.000917
2458398.7429359551 -0.0006674713342445266  0.000917
2458398.7638097703 -0.0010142678952194584  0.000917
2458398.7846225514 0.000324041007456708    0.000917
2458398.8054353329 0.002405981496068059    0.000917
2458398.8263091487 0.0010898290843595383   0.000917
2458398.8471219311 -0.0013227222709964069  0.000917
2458398.8679347145 0.0005164109033396296   0.000917
2458398.8888085326 0.0008170042461050478   0.000917
2458398.9096213179 -0.00015443314199032045 0.000917
2458398.9513079263 0.0009446536407777792   0.000917
2458398.9929335071 0.0020432710549997883   0.000917
2458399.0346201276 4.603996179523506e-05   0.000917
2458399.0554329241 0.0003373831667072769   0.000917
2458399.0763067557 -0.0012292721533144503  0.000917
2458399.0971195549 0.00022921154285952578  0.000917
2458399.1179323555 0.0012521694579241988   0.000917
2458399.1388061917 7.515572783688827e-05   0.000917
2458399.1596189952 0.002699531288160775    0.000917
2458399.1804318000 0.000876591841885594    0.000917
2458399.2013056390 -0.00032080658303982094 0.000917
2458399.2221184457 -0.0020671027445850715  0.000917
2458399.2429312533 -0.0004730622975487219  0.000917
2458399.2638050946 0.001849188392666005    0.000917
2458399.2846179022 0.000855062453595629    0.000917
2458399.3054307103 0.0012756667074358729   0.000917
2458399.3263045521 0.0011151617772088313   0.000917
2458399.3471173593 -4.9941445643340875e-05 0.000917
2458399.3679301664 0.0021932495650190628   0.000917
2458399.3888040064 -0.0005549839111344343  0.000917
2458399.4096168121 -0.0017547631776575103  0.000917
2458399.4304296160 0.0007504202807024235   0.000917
2458399.4513034532 -0.00034450046879856786 0.000917
2458399.4721162552 -0.0005207537937590946  0.000917
2458399.4929290558 5.1609537163685765e-05  0.000917
2458399.5138028888 0.00012665182937319976  0.000917
2458399.5346156866 -0.000761782359398902   0.000917
2458399.5554284831 0.00011077287460010567  0.000917
2458399.5763023118 -0.00038228903864684415 0.000917
2458399.5971151055 -0.0013519100732941234  0.000917
2458399.6179278982 -0.00036791745729774995 0.000917
2458399.6388017228 0.001507953153563863    0.000917
2458399.6596145132 -0.0014478590704329114  0.000917
2458399.6804273021 -0.0001925294246397986  0.000917
2458399.7013011244 0.0007563549558850528   0.000917
2458399.7221139125 -0.0                    0.000917
2458399.7429267000 0.0005725696005509677   0.000917
2458399.7638005209 -0.00016910714981805962 0.000917
2458399.7846133085 -0.0012985662690793848  0.000917
2458399.8054260961 0.002354833364601929    0.000917
2458399.8262999174 -0.00023797166282999075 0.000917
2458399.8471127059 0.0009589006002659363   0.000917
2458399.8679254954 0.00038971615563281276  0.000917
2458399.8887993190 0.0008065975645883347   0.000917
2458399.9096121108 0.0005488852614987836   0.000917
2458399.9512987309 0.0010084846931587934   0.000917
2458399.9929243233 -0.000267476023033214   0.000917
2458400.0137981558 -0.0003302046773960311  0.000917
2458400.0346109564 -2.786040564349056e-05  0.000917
2458400.0554237580 -0.001026983995213284   0.000917
2458400.0762975952 -0.0005160867354530259  0.000917
2458400.1179232071 0.0012677926306099152   0.000917
2458400.1387970489 -0.0007066788964337611  0.000917
2458400.1596098579 -0.00026837465259215175 0.000917
2458400.1804226683 0.0014701430019823125   0.000917
2458400.2012965134 -0.00038529809445267404 0.000917
2458400.2221093257 -0.0007468861151791681  0.000917
2458400.2429221384 -0.0014707159523277425  0.000917
2458400.2637959854 -4.6926843624203194e-05 0.000917
2458400.2846087986 0.0004609639066600659   0.000917
2458400.3054216118 0.0002415199538028154   0.000917
2458400.3471082719 -0.0013563309890694084  0.000917
2458400.3679210837 -0.0008721687928521387  0.000917
2458400.3887949288 -0.00012425923501097188 0.000917
2458400.4096077397 -0.001700347594112008   0.000917
2458400.4304205491 0.0004904415672186855   0.000917
2458400.4512943910 -0.0005222909948315531  0.000917
2458400.4721071981 -0.00044025825517587285 0.000917
2458400.4929200038 -4.406227572935097e-05  0.000917
2458400.5137938415 0.0002700224537935297   0.000917
2458400.5346066444 0.00045316712660664285  0.000917
2458400.5554194460 -0.00031789358406758463 0.000917
2458400.5762932794 0.001268759579127409    0.000917
2458400.5971060782 0.0009076120729246356   0.000917
2458400.7429177072 0.00042501537044136145  0.000917
2458400.7637915332 0.0006395404522292887   0.000917
2458400.7846043254 0.0009562560131378935   0.000917
2458400.8054171181 -0.0007027906870406405  0.000917
2458400.8262909446 0.00041427734411209576  0.000917
2458400.8471037382 -0.00014397313869207007 0.000917
2458400.8679165323 -0.0011150805459225015  0.000917
2458400.8887903611 0.0008141060004648664   0.000917
2458400.9096031575 0.0005067981138603181   0.000917
2458400.9304159554 -0.00016559071261727448 0.000917
2458400.9512897879 0.0013126188430382436   0.000917
2458400.9721025885 -0.0007301754802448791  0.000917
2458400.9929153905 -0.0018580277697477217  0.000917
2458401.0137892277 0.000543434108993752    0.000917
2458401.0346020330 -0.0006129908222858609  0.000917
2458401.0554148401 -0.000790583761607345   0.000917
2458401.0762886824 -0.0008844224628717244  0.000917
2458401.0971014923 -0.00040734260107756315 0.000917
2458401.1179143037 -0.00017203255003696218 0.000917
2458401.1387881502 0.00017281267853923248  0.000917
2458401.1596009643 -0.0006613725317938717  0.000917
2458401.1804137798 -0.00042506056322952395 0.000917
2458401.2012876291 0.0015633429167764244   0.000917
2458401.2221004460 -0.0007688372232867509  0.000917
2458401.2429132638 7.965657336353877e-05   0.000917
2458401.2637260812 -0.0004789013510247028  0.000917
2458401.3054127512 0.0016333458378670997   0.000917
2458401.3262255685 0.0017470671698340415   0.000917
2458401.3470383859 0.000446291262412187    0.000917
2458401.3679122366 -0.0007918808667849838  0.000917
2458401.3887250521 -0.0017658267484307343  0.000917
2458401.4095378672 0.000632844230209465    0.000917
2458401.4304117146 0.00017472605369833923  0.000917
2458401.4512245273 0.0015000998519974851   0.000917
2458401.4720373387 0.000548510520091238    0.000917
2458401.4929111823 0.00012392479609939932  0.000917
2458401.5137239909 6.037253546921606e-05   0.000917
2458401.5345367980 -0.0009113746180257561  0.000917
2458401.5554106371 -0.00082101982018205    0.000917
2458401.5762234414 -0.0001873616576565628  0.000917
2458401.5970362443 -0.0001401133427469011  0.000917
2458401.6179100797 -0.0008926847367176792  0.000917
2458401.6387228803 -0.00039078645680740105 0.000917
2458401.6595356795 -0.0016147577317072973  0.000917
2458401.6804095116 -0.0001638603377376749  0.000917
2458401.7012223094 -0.0012953492986440191  0.000917
2458401.7429089369 -0.00012250723550590286 0.000917
2458401.7637217334 -0.0001429274481231548  0.000917
2458401.7845345302 0.0009313238345642766   0.000917
2458401.8054083609 0.0011336169251258462   0.000917
2458401.8262211583 0.0019094324527765482   0.000917
2458401.8470339561 -0.0003906218195659051  0.000917
2458401.8679077881 0.0006786222455568811   0.000917
2458401.9095333889 0.0015075562663632      0.000917
2458401.9304072242 0.00048442273964241977  0.000917
2458401.9512200281 0.0011548871447346573   0.000917
2458402.0137194810 0.00011715090487150134  0.000917
2458402.0554061355 -0.0009516601517167932  0.000917
2458402.0762189487 0.0009578850275053829   0.000917
2458402.0970317633 -0.00021470326858306506 0.000917
2458402.1179056126 0.00018832942105569047  0.000917
2458402.1387184295 -0.00033320200406136496 0.000917
2458402.1595312483 -0.0014525917389986904  0.000917
2458402.1804051013 -0.0006774286001166295  0.000917
2458402.2012179219 -0.001009537599675289   0.000917
2458402.2220307430 -0.0003900160697151509  0.000917
2458402.2637174199 -2.794128592689728e-05  0.000917
2458402.2845302424 -3.4497066019758445e-05 0.000917
2458402.3054040978 0.0011802699230566002   0.000917
2458402.3262169193 -0.00041790498769525217 0.000917
2458402.3470297409 0.000978878970750031    0.000917
2458402.3679035953 0.00015836267473014553  0.000917
2458402.3887164150 0.001045113461425861    0.000917
2458402.4304030854 -0.0008871029470093507  0.000917
2458402.4512159019 0.0003450802829183312   0.000917
2458402.4720287174 0.0005888301974695119   0.000917
2458402.4929025648 0.001309524865934762    0.000917
2458402.5137153771 0.00018398360875966584  0.000917
2458402.5345281879 -0.002633388358901599   0.000917
2458402.5554020223 -0.0008737713284541932  0.000917
2458402.5762148304 -0.00023856748242796733 0.000917
2458402.5970276375 -0.0005578278389664202  0.000917
2458402.6179014761 -0.0013578794803102315  0.000917
2458402.6387142809 -0.0008401910433886481  0.000917
2458402.6595270839 0.0008463038019664903   0.000917
2458402.7429003571 -0.00014012262697996763 0.000917
2458402.7637131577 0.0012466853393883043   0.000917
2458402.7845259584 0.0009506396032862535   0.000917
2458402.8053997927 0.0009328271509363897   0.000917
2458402.8262125938 0.0007839192638758583   0.000917
2458402.8470253958 -0.001238534898111879   0.000917
2458402.8678992325 0.0011779365932777805   0.000917
2458402.8887120360 -0.0009628140927247169  0.000917
2458402.9095248412 -8.825277931248338e-06  0.000917
2458402.9303986807 -0.0009567730626808214  0.000917
2458402.9512114883 0.0011204437515110206   0.000917
2458402.9720242973 -0.0013462987711479173  0.000917
2458402.9928981415 -0.0012735598138408164  0.000917
2458403.0137109538 0.00011184636245883503  0.000917
2458403.0345237679 0.0014236410665434504   0.000917
2458403.0553976167 0.00027082167942303094  0.000917
2458403.0762104336 -0.00131955086965715    0.000917
2458403.0970232524 0.0004323558840401071   0.000917
2458403.1178971059 -0.002309230020435448   0.000917
2458403.1387099270 -0.0005937769402750145  0.000917
2458403.1595227495 0.0006372437691956526   0.000917
2458403.1803966067 0.0023546534710817114   0.000917
2458403.2220222563 0.0012108753315167623   0.000917
2458403.2428961154 -0.00023646859835305332 0.000917
2458403.2637089412 0.0007897246253651821   0.000917
2458403.2845217674 -0.0006616345564788638  0.000917
2458403.3053956269 0.0001414638606997881   0.000917
2458403.3262084522 0.00011301380025090917  0.000917
2458403.3470212775 3.4584053408243756e-05  0.000917
2458403.3678951352 0.0007617527631910251   0.000917
2458403.3887079591 0.00025412986798384107  0.000917
2458403.4095207816 -0.000625874441397738   0.000917
2458403.4303946365 -0.00024677190583593075 0.000917
2458403.4512074566 0.00021491325691230307  0.000917
2458403.4928941270 0.0004930487168884782   0.000917
2458403.5137069430 0.00075088602330489     0.000917
2458403.5345197576 -0.0004734208319472709  0.000917
2458403.5553936041 -0.00047189812665665343 0.000917
2458403.5761453826 -0.0007187714228877659  0.000917
2458403.5970192263 -0.0010409059097242115  0.000917
2458403.6386448434 3.475788959322173e-05   0.000917
2458403.6595186838 5.233452002943057e-05   0.000917
2458403.7011442953 -0.0012684825389778854  0.000917
2458403.7220181338 0.0011330926316659592   0.000917
2458403.8053303855 0.0018758054720703033   0.000917
2458403.8261431907 0.000821372110094146    0.000917
2458403.8470170302 0.0008839321135033816   0.000917
2458403.8678298364 -0.0004193642082914703  0.000917
2458403.8886426445 0.0022602142122980324   0.000917
2458403.9095164868 0.00011574031949959827  0.000917
2458403.9303292967 -0.0019822683998792583  0.000917
2458403.9720159550 0.001214198753757633    0.000917
2458403.9928287696 0.0012544549304811337   0.000917
2458404.0136415856 -0.0014947814786756275  0.000917
2458404.0553282565 -0.00013948902272265358 0.000917
2458404.0761410776 -0.00035498071678575073 0.000917
2458404.0970149338 -0.0006121419105942862  0.000917
2458404.1178277577 -0.0012666334259828647  0.000917
2458404.1386405826 -0.001590945150703887   0.000917
2458404.1595144426 -0.0007955464770458812  0.000917
2458404.1803272702 0.0006299403244944487   0.000917
2458404.2011400983 0.000770107459064844    0.000917
2458404.2220139606 -0.000854162438200126   0.000917
2458404.2636396196 -0.00032239247345326993 0.000917
2458404.2845134828 0.00014055487490600646  0.000917
2458404.3053263128 -0.0006451145170375583  0.000917
2458404.3261391418 0.00019782785825597297  0.000917
2458404.3470130041 0.0003471617605735368   0.000917
2458404.3678258322 -0.0025888233716730162  0.000917
2458404.3886386594 -0.0007144424876121446  0.000917
2458404.4095125189 -0.00024097735728540674 0.000917
2458404.4303253442 -0.0008712046748368608  0.000917
2458404.4511381681 -0.00014417780957450414 0.000917
2458404.4720120239 -0.000257887799702775   0.000917
2458404.5136376643 -0.0006993064678073158  0.000917
2458404.5345115163 -6.960978264861622e-05  0.000917
2458404.5553243328 -0.0010225226600757487  0.000917
2458404.6386366198 0.002203947654016866    0.000917
2458404.6803232734 0.00039378742433162977  0.000917
2458404.7428227328 0.0016868532016296298   0.000917
2458404.7636355408 -0.0005096091438551229  0.000917
2458404.7845093827 -0.001557780440442161   0.000917
2458404.8053221912 0.0007818364424186554   0.000917
2458404.8261350002 -0.0016195377200264244  0.000917
2458404.8470088434 -0.0002922078798717769  0.000917
2458404.8678216538 0.002110127597698979    0.000917
2458404.8886344656 0.0009259571174556338   0.000917
2458404.9303211258 0.0017072296368644366   0.000917
2458404.9511339413 0.0011913297457203764   0.000917
2458404.9720077915 -0.00020311212302520672 0.000917
2458404.9928206103 -0.00026289391174030667 0.000917
2458405.0136334300 0.0013555091590092268   0.000917
2458405.0345072853 0.0009917696658869701   0.000917
2458405.0553201088 0.0003284439752091974   0.000917
2458405.0761329336 0.0012338823723135638   0.000917
2458405.0970067936 -0.0002797168371215839  0.000917
2458405.1178196212 0.0008806969707028058   0.000917
2458405.1595063140 0.0009268089931524803   0.000917
2458405.1803191453 0.0009184631147785115   0.000917
2458405.2011319771 0.00048800460948981447  0.000917
2458405.2220058432 0.0007756189191597039   0.000917
2458405.2428186764 0.0009252959934550563   0.000917
2458405.2636315096 -0.0006070113735125592  0.000917
2458405.2845053766 0.0003657978559362953   0.000917
2458405.3053182103 -0.00017316684362683282 0.000917
2458405.3261310430 -0.0004499307785805791  0.000917
2458405.3470049091 -0.0010106341964996322  0.000917
2458405.3678177404 -0.0015985784640309608  0.000917
2458405.3886305713 0.00044310522713516534  0.000917
2458405.4095044346 0.0006286797321224556   0.000917
2458405.4303172631 0.0005135443496211647   0.000917
2458405.4511300903 -0.002099860296747293   0.000917
2458405.4720039498 -0.0008258663030276295  0.000917
2458405.4928167742 -0.0006106119661173283  0.000917
2458405.5136295976 0.0006810237192771689   0.000917
2458405.5345034525 0.0007080341308837627   0.000917
2458405.5761290914 0.0008450476365285287   0.000917
2458405.6178157586 -0.0013491022447561466  0.000917
2458405.6386285736 0.0009537474348276924   0.000917
2458405.6802542014 0.0006358766707101776   0.000917
2458405.7011280474 0.001700931017046477    0.000917
2458405.7219408592 -0.0011513683576287197  0.000917
2458405.7427536715 -0.0009209870965444716  0.000917
2458405.7636275166 0.002114726502662947    0.000917
2458405.7844403284 -0.0021239324800730037  0.000917
2458405.8052531406 8.701725620739319e-05   0.000917
2458405.8677526149 0.0010089991199689486   0.000917
2458405.8886264637 7.80067789707713e-05    0.000917
2458405.9094392802 -0.001160940323318282   0.000917
2458405.9302520980 -0.0018064727556185958  0.000917
